31880408 
31353173
31902136
31811966 
31466890
31466890
31852015
31870721 
31756709 
31520760
31920376
30736084 
31775805 
32775455 
32731825 
31874493 
31888695 
31227243 
31739725 
31706346 
31686529 
32855922 
32080133 
31676807 
31771581 
32669641 
31980724 
32650750 
31854115 
32596221
28122388 
31256732
32442976
32472877 
32938827
29496055 
30389445 
30392749 
29803823 
29738294 
31874492
29554074 
30165980 
29960815 
30316655 
29960744 
29359388 
30028404 
29581985
30009672 
29859818
30326042 
28682875
28828975 
28740402 
33021150
32369868
28790331 
32725701
28199931 
28956108 
33053855
29223522
29234864 
26817880 
27313616 
27137437 
25338640 
24720495 
24128312
25050149 
25896564 
31843436 
26732862 
25715261 
25708796 
