31753464 
32475226 
31818221
31671417
30873886 
31500051 
31784192 
31425681 
31577996 
31754916
31653399 
31815125 
31914670
31761486 
31127429 
31550525 
26756674  
26951646
31764919  
31753401 
31764350 
31419651 
31404917 
31562913 
31924015 
31905668 
31882581 
31875940 
31344400 
31880408 
32091189 
31829229 
32962059
29693652
30196404 
29801697
30537688 
30008231 
31730361 
32671025 
29452273 
29772228 
29396297
29484567 
29684677
29751516
31761908 
30498674 
29752098 
29470464 
29475753 
30017167 
30647000 
33043340
30321994 
31903439 
30245387 
30310164 
29652626 
29549952 
29685821 
31727590 
30004265 
28804996 
27860335 
28081675 
30603543 
31597124 
28586316 
28524375 
29208279 
28639943 
27664796 
28795951 
28386058 
24280635 
23015540 
23102234 
22304383 
22914604 
21727312 
20659962 
21079286 
20218862
19369905 
19664819 
19154078 
18835228 
17216579 
27710832 
26878319
27552316 
27976537 
27716628 
27725720
27387377 
27940192 
27501817 
27722710 
27725343
26820961
26621692 
25806996 
25945141 
25627168 
25609567
25574378 
26523399 
26066320 
25088966 
25257211 
26234364
25609254 
26151846 
26989480 
26231917
24722236 
24399638
25142314
24188635 
23172592
24060622 
