31961054 
32369796 
31546389 
31654476 
32228940 
31499974  
31865191 
31755038 
31353843 
31803738
31442885 
33024897 
31816501 
31500042 
32917692 
31719263
32932172 
32308770 
32103765 
32853801 
32919664 
32259804 
32409051 
32050490 
32610580 
32099674 
31956731 
33063639
32911103 
31660079
31672103 
30651767
30611042 
30271139 
30120282 
30480167 
31561236
30606515 
30415019 
29549051 
29793112 
32254529 
30184782
29957531 
29950157 
30214627 
30223212 
29668079 
29407343 
30204403
29266747 
29705132 
29886385 
29803152 
29656075 
29682530 
25858670 
25653217 
25530453 
25797444 
26222039 
25725557 
26380018 
19901446 
21895563 
23469227 
23977328 
24517081
24727077 
24295512 
25281749 
24826838
29096397 
28093047 
29270348
28032906 
27599449 
29192253
28388499 
28798376 
28726587 
27940389 
28117976 
28128224 
28914992 
28655891 
28128363 
28155851
28773189
28901689
28879670 
29593958 
28251470 
28496103 
28192772
28577315 
29020507 
29245051 
28509899
28589409 
28585319 
33000880
27917823 
27886552 
27332814 
27680282 
27108484 
27572698 
26875826 
26606451
26896655 
27565550 
26922876 
27648775 
27683552 
31126877 
28092777 
32263745 
27281607 
