31792314
32628008
33167256
33018712
33179368
32857517
33166037
32378322
33167256
26737396
29380891
30440822
30395434
29575234
30372018
30132998
29543991
30118594
28796182
28256602
28920439
29125277
28075054
28607350
29170730
28872049
28372730
26737325
26833897
24410099
26160940
24580035
24519985
25005554
29774211
30581722
29543426
30398834
29743664
31861145
22214978
29328672
29688690
30959912
31121565
30365297
28977713
29613763
29904165
26473878
27706094
31763856
28094916
31245538
31525017
28783323
30339000
28875572
31382667
31535844
31313576
31469537
24562413
27025537
26649363
30440629
28383249
30916926
31343084
28890951
30149719
22865677
21750185
