27966601
30247752
31823550
32331945
31641786
30788245
32028561
29848357
29634444
33128609
27303117
25274871
32064851
32064498
31727305
31947718
32842869
25601104
26980645
29421300
24903774
31353113
29786241
30425873
32420722
27843356
32267112
31728639
27372187
31936096
25405473
31433587
24931176
30467646
25785654
31771581
33283486
29372990
30539294
31861995
29786254
32419366
25105983
29498576
26466478
32195230
30212834
30672976
29642555
25971919
29304062
30088477
32175403
31002326
33188029
24720492
28869368
29786331
30129306
27053391
32057094
29040141
30006219
32775455
27859228
22337427
30154573
31947075
28925760
28894837
30720388
24668920
33021022
30759484
32265360
25226926
27384725
28740271
28190127
24411417
30581305
30736084
31954403
28653055
30179921
29116866
29185358
29491371
31245327
31157396
25086556
29596570
32410914
27699662
33010215
29574815
32468929
31958585
29464169
32778657
31372773
27060494
32475272
27650000
31387841
28647340
25523836
31490360
32703739
24336841
27299013
32513276
25522053
30337077
30017594
27616447
27973960
30788251
32349901
29937172
30509152
32950488
33280946
31924710
27889111
26824593
30864016
31094079
32830015
30816184
31843436
29618349
29461746
32537160
32611896
32158883
25673449
33275930
24458780
32190898
27785534
33076737
29233510
27192643
27117013
29117294
29961627
28137637
31938926
33171562
31932574
25336867
32469723
25847966
29152451
30159935
30707234
28964552
32903530
31127408
32282664
29504974
28508071
32606342
30020450
32279847
23249222
32134048
30602388
31049828
31624405
32792165
30414715
27815012
32947336
26150379
32807402
27181623
26780333
30291399
31668700
32455967
26601039
32677313
25892058
33176532
31907341
29248764
31587313
30197213
29730061
29330634
28724860
30986268
31763856
27913783
27370138
31939249
29419675
24888688
28258795
30537418
29967901
30935613
29419598
33313257
32043426
32123719
26566203
32887636
29366999
24882292
29361303
31318812
25571533
32000432
27098198
30696047
29260271
28552440
30819160
29887198
29408349
31590975
29884185
31774574
30157571
27403103
30829449
27486910
20972567
24844009
28856399
29961624
30608387
29377967
32442976
32463865
32720392
30578541
31629320
30470467
31300239
30711293
33005822
29254650
29470257
30411253
32615953
32631369
31094326
32666724
32524124
30621106
25794869
30355870
29526301
28434826
32187595
25401638
28822675
24954760
20692187
31902136
30327935
29783895
31811706
32280015
25056216
33136955
32061020
29554074
27039473
29782603
32916813
30947015
27837304
27033270
28071597
30234534
32340805
31874493
30586136
31985485
29749882
28420248
29729609
33133409
27894527
32264867
25429817
32596221
26750005
28782439
33281084
28397538
29179285
30123734
31921572
29600667
25986114
31311764
30251437
27702464
26737875
27776880
32013950
29894394
25377953
32876778
29172950
28578109
26491911
31571224
33280945
28773730
24678427
24064860
30443778
31096988
29706473
29952948
29433890
28008429
29851332
30342489
31946489
31706321
25427880
30939170
31277533
29747636
30886862
32707202
32731825
28481392
24128312
24400919
31597553
32550133
32440937
30905488
33145289
33310675
28102825
30689119
28108975
32269284
30464122
29199345
31980724
30688295
28968315
30612389
27313616
29744824
30581276
28148672
32337134
30129305
33053855
33218861
29962327
19601637
32879713
30633150
32228995
31226186
31540765
28199931
29275300
29215171
31602983
29581985
33108832
29050180
30029780
32240498
33133979
31470159
32782991
29219124
24942329
25571416
29370112
29859818
30038213
30306490
31854115
31653210
33196538
30287292
28446938
31197454
32538567
26335676
32090953
25338640
29905512
29399370
31589981
33122461
24220365
29420400
33294437
31455016
33068925
27345254
27236595
32974618
31879082
27611757
29549811
27558065
31616896
32725701
27121094
31823549
28502686
32819058
31195305
33153404
30986285
29394937
31883814
27117211
30569679
23866950
27943003
32517556
28862464
33126589
24732499
30774798
26574864
31033365
33263929
28056246
28475021
29856941
29992449
31933705
30743037
26355969
31234162
30544388
25111145
31408483
28613053
25497178
31527130
31615176
33021150
30907812
31141993
27862866
30912634
33018712
31512455
30094860
32573132
32285105
29510728
30514052
24360016
31120595
28593409
30883626
28638171
24721602
24574013
32367762
24220395
32371718
33050744
31115125
25907030
27454537
31109740
30732124
19716728
30480600
31163232
22090178
31119305
27986443
29196160
32061254
30250502
25555984
29715068
31136673
32571690
24844008
32100630
32162856
30948295
25392655
29730771
32093182
31535249
32680736
32672344
26434207
31493548
31230767
28005746
32439600
33272811
32430192
32856172
30389445
31172357
29069892
32370046
31977558
29782607
31478457
25092622
29452869
24280018
26161878
31630263
30430739
28078781
24020645
24342544
32472685
24844007
31513508
32311548
24651789
29424152
28566818
26466472
33120726
27439728
32307219
26169117
30131272
31711458
22690278
32835368
32424604
29528405
26468797
30032517
32064192
31649904
30824156
31555618
31278843
29710318
30838123
31870721
31462276
32975713
30814585
32039332
26686454
31022139
24569383
28766199
31308932
25822304
31145319
31819259
31058723
27539228
27822724
33033650
31191920
31809469
28540513
30788250
30117386
24806260
32847089
31664754
32064186
31936429
31081156
29806410
29952033
30450716
22911003
24957930
31965333
32798112
27977489
30083845
24325705
31755038
29899476
31855877
32660528
32711542
29183855
26550226
32719785
31796136
25173307
32466684
31897965
29263977
28513204
24445032
30623658
30948885
29136309
33162293
29402427
29774140
32005961
32500861
21283205
29680849
25050149
32892606
29994933
33216792
31712116
29602342
19223840
26139478
32938827
24828586
32339506
32878400
31818325
29023791
32170471
33284980
32518971
30829495
24364675
31636743
28019190
29632343
30403134
30461636
24752117
31756709
15645022
30921360
31209977
30293801
28279397
31867234
32133805
30948144
25314617
24678661
31693742
31983523
33239023
28137553
30402497
24998993
32973056
32158932
32087620
28823657
24663511
30702067
30922711
29786315
29958732
30067780
27940073
24445490
30583778
24239831
31107327
32775100
31677900
33209622
28294207
24945390
31357835
26978529
31663044
28024776
30461125
32863113
32782982
28203007
27646792
29707462
31917223
23324211
30540587
30521650
28786025
32147893
29738747
32160332
29310677
29103890
24469175
31006069
29854001
32601842
30321319
31952135
32355776
29226262
32213799
33166078
30612390
33298622
30039254
31089696
31852015
32304137
30768580
33180980
24937565
28649165
31039278
28547894
26444905
31966970
28817741
32233258
27411265
28889357
25715261
25934422
30950944
31810964
29866438
29798600
27078175
29498564
29899654
27480284
32838798
29568478
29200069
29184728
33116237
31015654
32776223
29049565
28990838
28120579
27773459
29855755
30580928
28089333
32495453
29873507
29571330
30357865
32377923
26875271
31472020
29110390
32618821
29061457
28822737
31550786
28396929
32458075
31327252
26626777
30788252
33274198
29155941
29748151
29384921
31256643
29042960
32000277
29648876
33280162
33247008
29803823
31577268
30294071
31478691
25794654
22053070
26603108
31348355
25663390
31201000
30955701
30268869
30609927
28499302
27521179
30970441
29961612
25082143
28863884
28520846
30041913
32879712
30983194
30794335
32404269
31252392
31645996
27729115
32972273
31756880
29310359
33101963
30440822
32249183
25441867
32268686
28068287
32190633
29537376
32144856
29763597
28672137
32817915
31107388
30735164
31861166
30334957
26817880
32855922
30174004
32407396
30276457
32936977
31307931
30316655
29521751
30972270
32785983
33307623
28061038
30661413
31324729
31554254
32490835
30412772
30196082
28614638
28202996
32750257
29996839
31034576
30678927
32139198
30634586
30069968
32660275
32618748
32028363
28168128
27617553
32811684
31839328
29429837
32441066
30228074
31021369
29409167
32821742
32913609
29541271
25281624
29151703
29856293
30853398
30326042
31351704
32169570
26781159
30201164
32369210
31218448
30691567
30817522
30982774
30154002
29636308
25042538
30582158
24512498
31312730
30677120
30727020
31979345
31040554
31435430
29218689
30880206
30790431
27158034
31840145
30922558
30649650
24700202
31653399
32959565
32298994
28377356
31706585
32592314
32027400
33260102
31413230
31660202
30392749
27025868
32500844
28419843
30219148
31384900
32294793
26347022
26290317
31218873
31661758
25197746
30775055
31495150
32346327
25202859
30458013
28956108
29550378
31172985
32011474
29730456
26523726
30498730
31430001
30420759
31486816
25591297
25315304
28682875
32859221
30556235
24189709
29240212
30788243
30537247
20740307
26768591
32340846
25476261
32656819
33293803
31126192
32409268
31760282
32839856
24886431
26652978
30366435
31171427
32045565
27844229
29800960
24088921
31184459
24261104
29807735
24980739
28122388
32020699
30997636
31375432
31991826
30119637
32858611
30935850
29232300
27219618
24300309
27124818
29049538
32971594
32740544
28359508
32499166
31934964
29222738
32247647
31261343
26662261
30129316
32213855
31256665
31639621
32071783
28647748
27632716
29304962
31630856
29806320
32433137
28828975
25779648
30815988
29428522
32077264
30782028
30403979
24562413
27815013
31336417
31829273
27884358
29864557
31172871
30371943
29238114
28322290
31033828
26861582
32456955
25975600
24720495
30428808
31213915
33168368
26456356
28012516
33270061
29210493
32718709
31963624
30688810
32242531
30072296
27092909
24776857
33103341
28592074
32488567
30028497
25869986
26418306
30213673
30856651
31665055
31245494
28000756
30939558
32204639
25229948
31011261
29782609
30165980
31303356
33300313
32393185
32756174
33079419
33131986
28951366
26468636
29697440
32901331
32174079
30028398
27387215
28639474
31515119
33006702
31055963
32592098
32770698
32264440
29961541
28882373
26467611
30477785
28501879
31538234
31249855
25597251
31811966
30531282
32304565
30405980
31386687
30017167
27123959
26990508
26187099
25699373
29216869
27456598
32410421
29967906
31256732
29241694
30093121
32045665
24373661
32193912
29201828
31980204
31445940
33237435
31044134
32061631
32750164
31205104
29249886
31840527
31627354
29483393
31732093
26221855
31049920
31528257
29234864
31571887
30709647
25002275
33249480
29460063
28387702
30045345
31302275
27976687
33064731
24939253
29798584
28388595
26757329
32937028
28222882
24328212
32015196
30736770
31407552
29660055
33292076
30468636
33196143
33022211
32855936
30813660
29806402
31703962
30498936
33019472
31616985
29044894
32320188
25080193
33174525
31280418
32923641
31936489
26242897
31744583
30114499
28951181
31482968
32669641
31655451
29149508
29782574
31982249
31739725
28118503
25175080
26967063
24942134
28038838
31711860
32924584
29174229
28648958
31889369
30745047
31449217
32909815
28439694
30370204
24202430
30536074
29152500
29806424
21307423
28299272
32399160
26895971
30739418
31173562
28000224
28375653
31686529
