33006880
30654214
26992477
20394540
26646634
32673752
31281446
33307855
29709846
18290330
32207115
32100541
32100898
33168174
31196530
29578074
30470235
32579663
28703882
32524132
28291335
27917703
31923982
28105891
29845276
31715351
32505206
31052425
33052661
29939712
26256481
30181022
30240194
27233445
29633955
28105339
28128636
26341661
27431399
27004561
30674845
32624946
29848804
29401707
29772228
30621012
21597163
31931645
32993608
31678382
32718609
30004265
33059343
27779379
31277393
33094193
31844616
33302558
31630302
33072855
32808256
31820627
31697434
24439280
31352107
32228954
26202781
30734555
32070518
32850700
33021062
29274337
26484553
27290630
32143471
26868173
28938849
33088998
20811125
25038793
32872547
28991268
31013656
30423726
27275759
24727077
29716440
30224641
32648655
32933035
31320548
26042472
31879268
29555462
29060188
26828683
31499974
30966388
30096218
30298908
31750293
30964369
32207116
26210285
31137830
28232106
30742266
17655962
27166839
30611042
32484194
29710811
31824800
29679327
30835971
28069694
28406922
30267574
29536070
29128598
28887585
29463819
32924975
32553918
30911695
26436877
26151414
26803291
33024897
24529628
31168967
26475990
31067023
31387210
28045217
30296827
31380883
33102921
32844842
30319779
28323640
31726448
32575787
32299554
30265900
31893944
26782020
30133249
31614763
33031967
30741518
28639513
28688288
30893513
28652298
23635097
31578006
31969661
29692562
31572611
24898933
33194170
32601937
31955579
28420082
30917346
29505709
27875945
31818665
32671626
27917822
26318816
32750330
32809273
25655503
30678967
24233188
28008428
32977739
30225368
31334868
29067619
26821341
32031056
31581502
28350007
30351200
31523707
31044204
26090461
24443032
29044984
30954014
32751101
30632706
30960553
32106097
29682530
29638221
31127379
20300699
33194245
31060241
30150433
22453577
29135262
29687630
12516080
29883809
31757114
29414466
26597246
32624842
29105943
31233846
28661043
32750663
28598154
28520463
25052736
26899876
31507175
24658159
32407108
32815365
26198849
31074145
26820240
29358641
30051620
32409051
32596547
30508311
32269990
31861970
30361490
31295489
31824823
29203812
26325298
25121715
32650581
28634958
33129872
28762415
27325185
31240872
30698946
8933291
31909967
28639943
28558136
32830908
33094192
32650321
31522108
15020146
32503025
26480959
29282550
31353635
23463703
32174423
27436509
30129350
31956429
32336037
32005149
32840820
26924824
23165644
32778125
27251982
30755653
25756304
29465225
32878178
27031786
30136318
32231007
32733974
29481497
32111058
28715377
30627938
30205596
31963803
29305984
29333083
30674919
21725150
31795170
28386058
25242654
29141112
28774013
22092695
31846286
32709263
33130320
31020536
26520408
30182056
26732049
27281607
31603258
28275733
26161682
29549951
30557696
28544655
28234249
32099674
31387235
31766185
28583328
24550124
32505800
32483116
30607337
31365916
27770959
27728813
28981287
31147046
31151129
29630353
31815125
32092591
29874967
33164317
30268853
31728939
31964254
32668309
23891808
27270567
28617405
22070169
26026305
26987609
29403328
30117733
28726587
29236765
32695771
30223515
29383339
33297551
27906687
32966947
30855125
32204007
31291075
25926517
28865175
28326657
32784271
31846229
33302170
31736396
30431022
30469365
26824879
30786264
31080570
30606523
28562185
29705105
30349794
31302582
29433862
29929041
31336280
32325773
31198585
24778793
30939760
26214046
33238528
27643891
30397639
32230852
31520278
32885956
25914951
31414943
22616167
30092999
25530453
26685102
31652536
30058375
24345926
31200501
26065373
32840811
30379414
32261064
30367695
30964983
31783385
30486863
26548588
30855215
33233299
26309810
31071420
21945825
33120198
31015552
32622020
30103426
30282917
32050179
29235838
30229979
24429776
24566262
32492671
30829003
32263038
26758780
32154210
27563030
26813591
30769331
32270904
30265448
31136829
30892230
32258387
28707494
31318339
32362448
28004318
29563069
28081675
26929197
31958949
32409091
23255259
27177716
32122504
32781603
25557615
31696334
30813102
25497331
31875940
32805500
29020507
26774760
31406678
32431606
21709750
31663588
27774538
20028232
31784192
33044824
33300242
27273990
31941047
29656592
29048347
28272767
33253801
28756658
22763135
32088617
30221989
31464195
29223036
27125461
32207114
32582671
28371516
33169879
26172844
31292444
27658481
27232181
25184311
31128321
28051133
31243301
32350358
29580403
30986526
15165465
30643716
25387454
32957218
32308749
32441080
30836349
32596551
28619543
32974314
33000880
28382922
32411687
32777410
31199619
23055097
25088966
29848794
32630145
31935409
33194115
20603872
28150412
32911848
29065239
32081937
21725152
30396311
27291461
31469055
30611115
25982877
32558857
32252038
25350936
32661289
27051877
30652350
30836606
28229956
20673023
27748548
28955746
32999381
28199884
31929149
24937508
30171928
32306995
28165099
30018182
30807696
30901606
32706575
26196533
32580349
31571701
30475363
32205755
32405578
32537827
22046201
30979845
31173833
31290861
28140346
32078578
28976359
29383933
30897033
30530245
32471243
24983138
31576743
31220824
28797066
29105354
30423908
24188635
31033822
31227153
33254993
33019576
24083093
24663810
33255064
27025278
30178816
26238732
32279779
30044544
33236879
31430910
25398024
21425854
30705152
28882369
31635376
29484715
26065378
28726547
28161684
30656386
31035070
26375979
29064570
30184807
31549098
28875099
26027868
26974545
31803738
26538110
30838567
30934899
28475739
32847066
30120282
32421007
30899594
32247526
29119674
27026826
31033821
27053116
26869728
30253081
29424651
26548335
27686039
32324342
28827528
33063639
32073092
32543413
32568527
24014252
32548270
22328297
31400253
28322012
24102451
25275937
30044706
30133182
28259113
29793112
29665336
32596542
30338978
31546401
31427026
29360631
32274475
28223199
32121237
31610355
32911103
25883004
28688825
28045220
29603545
22396130
27933843
27599449
29445771
30300696
27403936
26903872
27686053
32785023
26924825
29911158
32228894
33094184
31386277
27267575
19788346
28660051
32409053
31904016
32079490
32245053
30248955
27939733
29549051
31762197
28979828
29649231
33091299
31649829
31122108
27928031
32152812
26043062
29034053
31268691
32490360
31746058
32164449
30394661
27572698
27880891
31977553
23349081
31545704
29466922
33072218
27765097
29146240
31905717
31894133
25524726
32995675
30878588
26154898
31395801
32996487
32662642
28244052
33088999
28066613
29643002
22751181
30082593
25797444
32195081
30159827
29484567
30337750
33264417
28913212
29857831
31973733
26646354
30775269
24711251
29397786
26824799
24799041
30440053
31294955
31470604
31934324
28569243
31260823
27503606
29504395
27863674
31106279
27925441
28358890
24826838
31847109
33098263
31459706
31119403
33064436
28092777
25575855
30157627
26774563
30271139
33049836
26455206
26651013
30274136
32517464
21513906
30383916
32077631
32944210
30245387
27241909
31799832
31715587
29952313
31915690
31669697
31961054
27631172
28026926
29241149
33059518
26770337
27070458
31205671
33086684
28094392
27730649
25197745
26107985
28117976
29452946
31936630
31010289
32228120
27782402
30598988
27080933
32986004
32090912
31929117
29565814
28683063
31817002
26592915
27634915
29666857
30143167
30966077
32853801
29744453
31286881
30424059
29513041
33218011
32344174
32152475
31877755
30797911
29737048
30644714
26535494
31761486
30200455
32777413
30559344
32369796
26836023
32633102
32917692
30974194
25961432
29668079
29561138
30773833
23910288
29995642
32090895
31601016
27883051
32523941
33260879
31057862
32554132
33094191
30203963
32642288
31924006
30905901
33129190
26081669
31739597
32640623
30222326
28811751
30223212
28888018
32455641
27634918
30740982
29550580
30513868
22522924
28990579
28901689
30244147
29338816
30134523
30224665
30770588
28689135
25404276
31378063
31809907
31918421
31835368
30840155
28489332
30921781
26930179
29863333
31509811
33088996
30221829
28287077
28665236
32782988
31746842
30884151
31918413
32150742
26041482
25825241
26689257
32530610
32760695
32007417
33230326
30939408
21415468
33277973
29900676
27458901
30319321
28372274
26858826
28160431
25925683
30817979
27007364
29434327
31588729
33263976
30650355
32050490
31572613
28782725
33149846
29869098
30739987
19495986
30774971
26991636
29451384
28488588
33094187
32255089
31929097
32851179
32995743
32371998
32817920
25609567
29461795
27818910
30948113
30905862
31453678
24750044
32993086
33313450
25883172
30609384
25215452
25005170
30995622
32995673
31433402
32524450
32723016
31236128
28714269
29768120
32595422
31709311
25818150
29130836
32096384
30537688
28388499
33166949
28724980
30562651
30669124
27550945
27940389
26684899
30586277
31255790
27273985
19445533
31344400
32650324
29896903
32500940
32644785
25858670
32418273
32953940
31906295
31901146
25874573
29737234
28219078
32154068
26069634
32575750
30589397
26671608
30555559
31880408
31782570
29235445
28676662
30184782
28192772
30831327
28512850
32182784
32640425
25574378
32496502
25491959
30893783
27710832
32999847
31012205
32708989
29201905
31207035
26693013
26906174
29479802
30451550
27465860
29176035
32751818
21830203
31521297
30694051
30609258
31904931
28377316
24039172
28793441
27979378
32204059
27093435
31462744
29717804
30056041
30065227
30450010
33238227
31156331
30208592
32117936
27091175
29750201
27300485
28342296
30023711
31899910
33110992
32209234
27725340
25608278
29510003
27333469
32560332
28454907
16375965
32745973
31769730
28887492
30524110
31677325
12361612
33216525
21725147
23725739
28461267
30795573
26380018
28349900
29131497
28921540
32558871
31807709
30953806
30015873
26406449
29225463
32263524
29486844
32092249
29277743
33086194
30773050
31923949
29524246
24796939
31443354
31665714
31252328
33023631
28754244
29862711
32847683
32522274
30960331
31780803
26505778
22337431
30310164
31436081
31411443
30648711
28801685
28668378
22865677
32338432
30817983
30195084
32261442
30184788
32825042
33163768
33160912
32295064
30300772
28804734
29991453
32929344
31910098
30952138
30889635
33279875
27830490
33149854
33174474
31802281
28393760
20546891
31609306
19199577
33122061
27041744
21402182
31092039
32182824
30778400
32850688
31922526
23152979
32971749
29693652
32418348
30972562
30728937
33240866
30799779
26696269
31041538
26042690
30296308
27722710
33053829
32751210
31178986
33094182
33255027
31860278
33303038
29451572
31867583
27432012
31281907
25725557
29911990
26033825
32485692
25818355
20580082
33135799
33018444
26842949
32789310
22692615
21497548
33007890
33120964
28530091
32554884
30660996
26106016
31906530
32237740
26222039
28464555
26196704
30180178
29731489
27476584
16912422
31808270
29687597
28075033
31747624
30133151
30321994
24091624
23977328
28323412
29782613
26980549
15600306
28634957
30471628
25046728
28337147
32084012
32190561
32601395
27664796
28524375
29155411
31799582
31652954
31007132
33238684
29438318
31957069
11792183
29752098
31349532
31364005
30096899
30711296
31412905
30775847
31844607
28155851
32412193
28499127
29633219
33285539
29327779
31853520
32085691
24887141
28092631
32174407
31924015
30267782
30911283
31798944
28773931
30674930
32548961
25711801
29354281
29134949
32610301
23184799
32261989
22736619
31344690
24844013
32676499
28630410
23015540
30747358
32671025
32722240
32175395
24844011
32419061
23411530
31992046
33022112
27597635
23719889
25556069
30721223
30066447
19769526
31950695
31766610
27240326
29536154
28133756
32337967
32743068
29292585
32832352
23892955
30634440
28934662
28669949
31209452
30966248
32254656
32098585
29948036
27332814
32659397
29756539
32806255
32993978
27488822
31723595
31714750
27403430
22065563
33078100
28631418
32753630
32916629
31355352
29842971
20448245
32001023
30987304
27097554
25870955
31220812
30943455
32888114
32785204
31654476
32254529
33059333
31035401
29460433
33176293
31805546
33115331
32109897
31029308
28790931
31164052
29679157
30269139
32776655
32633050
26930140
31369700
32940144
30501122
31940933
22065548
32261896
28683651
32264020
32541268
31859324
25279268
24517081
32946957
26577985
32937071
30137024
25784676
30889740
28194463
31282896
29806303
28892261
29501531
30734661
29656556
30192055
32102205
24632134
30545119
32312610
32264279
27834313
30834821
32913930
32388032
32219170
30770678
32207106
32391914
32046122
33088987
30663704
29318001
26000907
21079286
31081613
21372777
31537127
32596529
30637991
29700506
29558424
27660818
30022000
25047630
31027908
28782831
32562058
27129371
26696527
28026970
29651999
32207111
31469517
31098008
30933941
28984505
31252172
33000766
29596874
27234816
31368656
24817215
27638155
31989370
29486449
29271932
32263243
31393466
32261083
32596552
32174399
30812998
27203798
33115676
25453953
32602090
21727312
32500123
25478746
31291802
32784645
26335389
31982523
32957251
31508316
31794179
33271356
27373715
31008578
28906525
28149624
30576862
29270348
33141369
31573786
24695367
29205532
28429415
32200322
25336511
29412939
27166436
24328276
31534552
31204554
23037845
27220387
32629438
32547633
28187519
28676704
31098919
31733089
22941807
28846981
28627756
32948093
31728335
27648775
29346608
29789674
31336607
21799713
30577421
31829985
25357157
30941925
30802775
26774799
30643285
25146178
27431733
32939884
30857349
32409059
29519442
29266791
23469227
28445902
27667017
33255081
29966277
28883498
28820570
32824576
29020441
28790331
31561236
32504140
30790524
31152931
31132941
26706543
31899969
31112356
31590455
29342864
31408915
24279880
32070610
31155229
26056727
29127293
32254425
19347840
32194815
33134606
29767957
29894790
26724560
31885383
29445812
31424950
30874929
32915665
32254348
30008231
32249428
31433126
26164251
32829886
22972553
31417899
30097806
30224659
30218727
30421722
31904929
32182593
33241663
33304827
31633385
32556912
24995956
28772395
29845891
29952135
32218447
32776707
31749342
25260606
31159171
29336146
33026794
30937371
33211311
27089896
28534758
28765799
32947908
29102798
26620885
29658935
31420732
30903675
30044915
29383354
32855996
26708711
32596434
32761906
22914604
19369905
32596539
33202398
32840808
28032906
22985476
29317370
29693552
31547138
32749422
27806754
29171953
29519423
26231917
30832883
32536152
29192253
30954012
31822764
28966095
31347290
28244880
31502633
33251340
26858399
29549952
33243258
27215416
32791775
33115329
31349518
24164398
25809867
30167382
31349405
32403422
29855599
30844234
30611844
32469713
32259809
30939719
31406392
24758832
31011889
30557856
29605693
32544577
30566930
29368113
28805010
27889665
21585313
32128953
32962059
26677627
24722236
32929912
29235541
31366050
31008143
31802014
29553156
32640938
27565550
22808995
30379531
29064377
33210032
32262726
28592214
28453913
32070108
29953813
33008129
32840809
32619999
30300967
27078573
32856384
30648703
33170542
31939978
30201871
27490377
29922456
32331102
27770630
32083125
28536700
26290516
29239354
30662043
27492734
32430967
33103357
26123711
31468094
31845534
32683340
30305139
31169080
31520243
31284786
27013218
23686741
32262288
29116743
20206538
29017117
33075226
31539655
22623412
28586346
28553343
29172145
32340327
30044555
32261191
26525821
30360677
29240313
15299269
32648683
24657988
32957182
28228933
31992154
32415944
19208943
31955764
24192236
33102910
32399041
31387086
30373384
33253240
33163623
30366132
24150602
25233468
30439504
27189134
21527813
25457969
25640578
32864483
33216449
28106517
31068458
32467881
31788785
33049961
27028356
32856000
22692605
32072121
28842703
32264093
31682039
32335536
32155781
24726538
31820506
28496103
32824101
33081966
26234364
29718655
32935708
26601312
29414477
31309369
29083003
32749669
27080374
31466890
32834311
32487153
32589696
32992994
31741387
32186996
32050529
31865191
28220752
30277956
33275977
33297468
31829229
32781703
19225870
27998214
19118612
31369941
31829378
26486521
31276763
31896515
25570236
21798570
32022969
32028970
18154465
33241654
32948593
26414863
32290484
31352944
22304383
29801697
30673161
32832365
31352105
31233891
32754347
30960731
33026366
32103946
29322768
32503391
23184715
29578448
32672976
30460837
31450605
32330920
32038121
33247359
26292037
30336547
31369499
33050304
28630898
33287645
26523399
32864842
31500024
33065220
32487412
32602091
20211178
30740240
32299570
30815346
31423698
30835969
29567939
19466547
30441879
31394886
31903100
30400427
30973708
29318224
28734022
23983007
26017717
27717706
30915216
27562161
31183648
27752177
32331435
25813951
33043126
25640314
32228893
31885706
30591203
33041744
30866173
33024898
32462057
26318366
28953408
29882516
30476539
32254906
29091399
29116737
26690559
29199637
30690209
27384939
31557592
30345555
24836754
29939754
28623521
25281749
31466260
30823676
30924639
26355654
32263531
19507149
29074999
31406390
29025676
32283869
30874396
29432987
25971089
31236762
32983402
29366944
31546421
31117433
29736776
32371300
33225617
30843613
28387500
26531008
31479785
27205890
30861134
32307491
31457110
27218137
30091422
30004388
32645403
32202291
32831300
32084655
27078585
21599540
28192527
31952065
31602629
32652224
32262712
18305907
28280669
32451208
33224463
31108260
28376365
29106065
31484173
29705656
27272210
23687961
28765800
19695697
30259685
29396297
32254382
30558445
27231597
31319006
28017869
33175464
27387377
30370670
33173097
33142268
31268233
32263629
31664287
29030959
32165221
32039181
25027302
31004813
27353851
31175986
32841006
31792444
32932140
29972932
31635363
23627772
30459444
31188827
28640439
29425719
33044442
17901398
33236508
33255078
29517901
30149761
31623432
25245868
23063369
26358641
30743259
32523800
29402940
22740314
26473653
32254667
25384105
32311538
26606883
30773555
28841560
28806146
11255171
26771388
30106512
28027692
29800757
18835228
30603476
31764919
26304467
31091672
31808680
29245051
29065670
29566751
29066243
28179160
32229330
28103992
32946427
26106596
31315280
31451988
33016275
32096088
33046631
28852128
32811642
28804996
29745645
27559001
32420218
29738294
32262445
24998183
32644269
31386931
31382255
26260872
31064257
26504783
32619117
29744422
29381289
25130390
30259658
27524090
30296596
24510413
29414912
28261331
31927985
29473732
32831619
31891478
28817607
33299478
24497436
28916883
29911317
29376775
27630079
24211969
32911702
26843434
17653351
29608202
31671417
29608267
27268411
31170697
27431574
26360882
28765636
18257081
30838778
30368228
28259198
31248826
32382570
29728785
31992836
28653043
25239040
14962560
31584255
32085455
31886914
31535770
28467835
29337695
32398952
32796697
29594704
27433597
29385756
30853527
32059877
25976035
31574999
33094176
31655914
18440886
25833165
24844012
26249577
27782383
28278383
32261273
32352748
32596461
32323975
23523536
30908850
24475818
33159941
29927631
29426913
32840817
32492912
32408655
32751124
30205589
28530207
29304429
31521939
32919664
30427952
33255047
27383032
30433761
32902201
32806306
30955134
30764492
32022801
29623827
30660995
32766233
28507143
31569810
32497597
30763124
31730361
27779164
32106448
28766344
27093928
32840818
32189815
32059197
28717129
31422191
31597124
31026857
29708246
32016227
31937437
32464607
31111686
29691902
30725521
28600540
31650103
31349472
29732454
32635321
29407343
23666910
25627168
31672103
33221501
28589409
31470437
28052044
32426350
32386281
27612685
25839977
28772780
9493839
26513656
31123722
28478834
24991937
23458889
32392713
32650325
30594987
26502642
30633852
31442885
31512834
28322040
11379885
26735183
30603543
29659132
28634931
30865936
26826637
30746234
29763548
32755059
29901449
31314936
30645987
27601901
30196404
33065413
28512008
31753401
28597844
28433241
29750754
32054094
31058444
29333689
31315098
31771260
30912659
30923580
32441008
28183667
30557409
25653217
33059337
31413945
28025653
32936027
33050040
30103532
25691496
32648722
31604956
23449946
32688088
26409783
31696784
28852429
33025765
31533420
30421629
27716633
28707465
32264061
32079221
32829794
30702858
24844010
33313504
32707759
32349467
31273962
32037387
32757263
31203428
30826113
29848793
30630373
31243558
28544472
31597248
29782142
31350655
33105886
28196619
30709394
29652626
25641220
26332859
31570688
32779363
26991030
32086992
30220727
31057942
30603594
33297679
32676161
29096397
33181556
29110921
31261678
33130309
25835476
29803152
20091914
29555437
23463644
29104215
29765422
28673860
30594061
31345062
32259639
32490168
32700332
31115693
25468297
24387702
29076301
30291242
32142257
25815610
31746833
32916945
30042357
28294335
24992729
27935198
29895208
30892231
30217045
30881789
32638816
32951123
29364204
26660628
27384179
32263551
30354270
26621692
32316003
30214627
32514549
28245958
33140191
18689930
26033288
26407650
33049913
31951066
28879670
31743350
28766931
32334838
30274123
25920010
31420282
32092713
32155602
29302352
27321481
29751667
32980542
30795002
20203666
32254919
28808235
20838481
28598722
31328038
33102912
32485696
29751516
31233890
29364216
24060622
28140336
28493213
29496624
30813027
30787608
25514920
32763836
32853616
28726575
30292940
30485676
27749035
32434830
28976366
30195262
32764939
31323659
33049834
32644945
32773913
32263807
31953407
32749079
33251196
27704375
30669003
32916902
27933634
26843251
33105766
32798743
28813592
28389072
31550525
24192056
31168865
30048904
30979263
30010644
30684307
33215944
30742410
32071330
30421648
24464765
26799466
30725520
27892655
31066517
24887553
28919925
32875631
28469183
32984274
31248245
32882678
30248646
32794551
31500054
31581732
32072305
30129928
31661252
32596217
26924117
31151123
28589918
32596535
29062140
26968008
26928882
28934880
24956301
31992931
31457109
27829193
32262513
30649646
26710259
28495033
21358040
27424216
33015018
31527542
33227483
32200620
32935540
31995658
31214669
25491954
32476076
32261398
30965755
32842918
29642573
27431861
31500042
20811119
25484989
27562611
16771632
27976537
28773704
31056297
31394520
30498674
27766838
32789778
33166713
29744398
30468516
28648046
28756193
31412324
27788126
31713406
32231216
32254903
29111850
30603491
28125380
30960973
23172542
31163656
25358649
27261569
30606743
28277649
28017768
30960966
32635639
22239736
29461046
31381178
30140394
25469501
23959206
31971198
29850530
33113493
28254365
32770035
31549825
32337975
33027633
23893595
21881168
32341459
31769283
20659962
24429898
28045819
31947785
27552316
31267114
27886664
29237232
33297442
32762553
31943873
31108205
25624758
31427024
31327657
32065462
29543796
16771645
28071596
32932682
31212262
31081812
31568876
30943459
32629135
26183658
29786402
30368664
25190707
31243326
32369792
26645079
28866170
32490561
21900730
30358939
30616234
32335080
31553953
33007612
30849123
29323240
31656963
33073548
33142275
31317010
33218292
28772425
30404410
31757530
26838854
27605436
32596536
33290604
26297885
30183686
30234441
27104525
32977323
28849142
31498639
33177423
27933765
31993282
32722423
24965886
29782611
29066279
30006315
27000553
29778016
31199616
29925763
33143463
29152631
27966623
15981173
31465079
27007928
31744085
29883090
32269735
22394017
26716792
26875826
32985413
31081327
28653854
31319670
30759863
29992981
33278685
28616869
32207105
31667442
27380447
25596860
32522546
32752065
25984570
27716630
32957839
33186924
32640644
26163763
29675647
32851115
26652403
26930268
32159925
33191886
30440514
26747979
29050528
32588966
33270470
28782179
32263745
27911405
31938080
32254456
31106119
25491879
32053805
32368891
28269205
31353843
25686903
32705102
28576050
29894710
29519432
25641582
33092239
30674858
27741498
30106059
32131428
24729867
25560614
31399601
30931174
31819431
29249195
27072652
32422886
30883027
30329209
31761213
30991370
29806415
31601443
31660079
21552485
27038541
31352925
26066320
31874223
32269989
25046646
29265567
26361723
32678118
28251470
24961492
29226501
23585362
29656075
29891290
29728770
33219464
31846231
30417742
29314616
29725268
30930306
32919566
27733321
30524040
25346472
32264622
30261096
30860678
32877422
26046065
31923939
18606446
23353729
28215503
31269668
32603082
31614713
33187124
33043340
30241801
26994661
26462469
31342915
24694462
32805952
27254857
27345768
28351682
31638453
26646384
28353687
28791302
23598441
18759674
25360485
27833916
30307698
30518062
32605430
25314917
26741113
28707625
28628776
27685710
28631614
28773189
31112357
30260631
30369101
15941581
30560654
31134817
30402935
30651767
32353965
33109237
22692617
24441182
26293341
20217581
28610885
32326233
28627752
28402968
23173303
14981244
33094180
29337394
29890807
31827129
32929113
28498291
32149226
26696464
31390733
31572807
25492194
30624208
31844617
24503863
33297346
31818001
25636599
30453227
31671686
26504839
30813576
26052137
32210309
28993169
29864277
32332814
29416332
30172750
29803004
27938900
29044686
26358683
30885229
32214026
24112804
26392025
29386555
26998966
28877531
26183073
32058702
30426864
31743018
31819614
26744897
31963580
25504882
29743648
28684019
27806758
32613184
25449915
30821930
30246614
26860782
33254994
26515755
29432945
28826357
33164332
30719272
32940019
29742896
23722823
25562119
27860335
27716628
30176119
30360117
31963484
30430755
27298115
29853133
26426432
26441128
24710608
32540497
32429549
30884832
32663664
28885543
32470581
28236695
30966589
28797120
27838472
24656346
30054509
31498778
29316290
25109658
29186036
30653328
32263987
33309830
29754201
33102913
29680281
32790232
23076140
28976356
29235444
24829323
15588416
32428894
30526130
20013824
32610697
31022714
26167139
27607243
31081331
23562089
33137603
30663650
23871941
29705132
30744131
27346373
30594070
32932172
31460720
31815220
27219067
33259217
26402397
28929935
31914670
17497729
26439808
31438474
31269731
30270851
32774987
30110889
30825604
26603611
26931333
32254590
30223094
22531221
24155124
32627376
32228940
23887064
32427838
32202207
30943457
32268126
26713456
30024722
31120999
30261122
27106636
28412790
30188324
28144529
24439284
31796797
28534283
29845412
28128363
31649767
28194931
22255749
33019885
29981948
32867075
33088991
31546389
29681155
30863525
31382351
30117514
30560468
25522214
32913927
25257211
32181285
32600672
31055120
31658444
24736804
28112762
25048797
27987760
32970614
33022744
17225214
19664819
32075447
19145633
24295512
31130708
32188900
28930358
31774034
30634705
26220159
31700082
31394295
24717646
32674078
29294354
28715970
31921557
29659011
30617660
32132636
32402124
32548446
33210025
28880313
29200661
32543407
27370904
32475226
29708307
33284939
25945141
26190039
28870326
31146557
30844253
31101484
32428680
31332579
30685109
26525451
32891013
27725343
28088072
30107336
25727058
20387987
29951254
29346562
32610580
29739270
29116271
21895563
12740943
32029691
27281872
32663369
29580173
28438549
32063536
23172592
31756727
21925623
29134412
28502898
30690105
24382049
29215164
27177637
31025172
32673750
31546456
30350959
30590182
28600538
31168676
27788122
31727446
31655847
29957531
30915393
32206922
32992297
30033302
32262462
31867485
29897225
31864694
33217547
30700091
32966746
31376049
32806300
30340612
32674709
30938359
26369121
29664596
21385332
28211911
27171342
24791214
26838839
31910095
31166328
28610691
32207118
29273059
28795951
19198785
24729580
32207109
30204403
27942578
27562610
32558555
31946084
19953677
32481839
31107937
33066265
23097012
27203853
28643920
27819188
32475749
31527527
29081051
33198094
31606146
31741089
33102920
33198291
30201959
31677678
31639124
28645662
32956750
25863406
26737367
32254609
19196145
32428889
29996515
26922876
29633443
26853051
32134569
32878273
32831422
30389949
31782460
25970802
31373791
30274128
30788244
32596545
33007484
30831562
32027992
30673228
33155909
30754030
26756674
30606516
31661283
30793848
29022983
27716641
25806996
28115979
30754034
31761199
26773464
27543196
20811107
25045131
31753368
27231463
29493215
30797865
33278493
31407899
30405872
29134773
29569331
19108884
31905668
26902925
25862069
31015140
27341499
29887640
32174400
31370051
32919633
28213098
24495169
30991366
29940090
32155609
25666115
30636494
27108484
19951556
32928246
31254642
21224069
33073922
32606143
31833757
31026858
31820224
31369146
23684467
29665285
31549030
32178343
21092048
23643832
32663585
28195832
29381284
32280835
30156756
30838203
32569692
29320731
32942228
29186007
26445837
26044204
32386331
29136932
30912929
29078394
28876895
32068889
30624015
30089710
31609497
31882612
32636072
29024044
30347891
33260162
24764308
31748767
32751597
30028404
29240243
32668729
32091189
32411691
31267806
29853072
25215543
32993178
32664992
31404917
31923959
29164190
31903121
31106120
30057718
32409088
30129332
30743252
32117869
30975173
19819356
30563333
24280598
33068646
21096750
32279821
31335631
33094181
28145436
33086206
33150423
33307369
30649649
31105190
32919659
32090905
31774302
28539292
32710379
32816067
27439727
33254152
32751908
30539180
29541655
17518649
25411577
32678581
31566357
31816501
30536610
32864515
32567810
31842385
33199726
31179230
32279780
32640113
26151846
32445906
28677597
32943642
30534726
32141227
27215800
24810920
30910389
28760620
24694373
31117356
33092270
32334718
32994018
25822669
32108432
32481829
32537512
30929923
26868530
29984931
30645704
28192278
32908659
31924051
30234443
32096656
28168529
31783647
32403035
29446757
17688275
32299077
32793567
31279162
32644779
29408656
31112767
33255072
30311272
33060862
32223949
30889733
31306940
28762959
33228355
29765087
20162726
33284905
29662977
33291724
32579261
31592134
27862956
28974094
26238213
25177697
29614431
27725720
26709633
32064994
27141589
28386854
31199116
19054651
32977549
31565375
31376340
33173720
31828218
30813106
29969937
32159146
33289225
29782617
31407562
31487700
26871863
33071714
28773323
31903821
27501817
30675789
31113942
31727590
26627057
30170193
31804544
28888978
30148345
29633207
32054863
28844415
31991886
33061361
29266747
29147690
29602270
32711600
31618840
32142759
30813284
31519402
23932245
29679585
32174422
32537875
28093047
32486080
32647145
29377336
23281260
30606515
31424062
32095687
32172873
32261863
32429452
29354645
31881261
24658060
31426033
27741500
29208279
32337776
33296189
30813077
31205831
31025545
30811509
31709667
32851106
29465388
32715832
27287311
24280635
32264145
32173999
19586367
32413993
32078240
33302629
30073127
28952490
29601985
32466639
26951646
21745606
24656352
31400614
32943638
30624410
28120511
27704758
31328402
21854293
29676206
29356372
31948226
15683652
26420041
29302670
30129348
30783638
26543022
31661813
33245047
29601901
28165584
12679063
29690761
30370605
31870866
29593958
32650589
31681754
28992487
29359998
30675014
26366231
32434157
32596544
27683552
31880154
24982152
27694985
31637164
31360942
20822480
30262359
32274920
31305856
32782977
30954805
28819137
26759993
32638470
30966698
28509899
24694569
29393630
26749358
26987444
16667429
29236489
30561041
30415019
31559923
30270846
30883789
30507136
29519434
32825229
29857483
28699619
28079290
26899497
33132545
33206435
26766139
26117791
32349648
29446982
24911448
9671060
30301348
31888330
31761908
33147742
31121999
27940192
32640427
32640268
29520670
29139103
32261270
31513744
31679063
27877865
28585319
28071595
33059528
28917939
28906257
26618362
23075800
23420700
27187017
31231678
30471476
32255088
28291020
24631290
32825753
31131046
32483268
26196534
29777961
30600046
31956731
29667491
30674861
32715284
29452273
22508498
30480167
28829418
26844597
28628294
31277240
23109106
29054688
22894476
30501563
31165270
28976740
27252227
32514393
31295201
32469496
31923957
31596568
27213741
26967145
33278981
32469510
27642274
30884470
24805923
28934914
26267700
18602156
33247818
33057525
29292126
20353253
32545741
32380655
33304766
30088479
30019414
31147532
29252993
30034559
29350587
32992820
28357042
27164837
31349412
24265057
21750185
32210259
32090394
31371612
33071708
28795641
31046209
26601274
27135923
30889759
26999789
18544030
29396912
19963663
31810169
26885907
28798376
33112135
25562702
16556541
27585972
33118809
31785543
32803857
31382697
31918226
32771594
25661399
32597164
25514829
29277972
29559404
29025654
29876780
32050181
28134283
19904580
18076093
32604900
30875507
31127429
28776691
29923501
31302295
26756962
30362564
32397319
31984995
30261427
30579077
32824229
28670447
31712744
33071707
29493213
19431994
31412323
27384770
24188695
30830351
32252045
32684902
32207107
26151287
32509747
28837040
26089195
32782980
27261741
32402122
31053032
33050281
32245268
30236099
22136718
32013052
25900329
27157721
33244046
16986103
30229920
27917823
30842477
33200584
28166189
31600052
25383549
23215980
20967625
32966655
31721423
32591611
33054685
26969739
29886385
30922671
27299858
28906326
31024901
30375196
31888822
28056713
33305769
33102916
26472048
25656851
31151125
32962232
32090935
31835507
25917746
33287399
26729061
32371928
18333811
21820736
29176756
33195122
32378102
26817674
31719263
32154236
32667801
32469714
32147960
24399638
31650678
27586518
25973637
25811682
31207592
30187643
32887912
31211867
33316340
26466309
29046717
29684677
27071026
32207110
32856644
29083312
25236338
29741871
33227486
29682523
30724479
30695770
29213126
27928064
32650530
32085692
32875734
25558992
31105388
25287675
26924958
32864142
17412538
26458559
24192221
27554019
25093879
30948128
32506737
30537696
31247936
28970586
31267581
28103991
28486746
31532880
31150670
24978260
27643636
28980856
32231063
32971854
31495233
33285198
25460545
32112824
25190714
28586316
29427531
30781670
25047246
31906498
32979443
29023901
26085382
24626640
19154078
31222566
26607415
18055009
31763547
24412143
28636315
24157694
29519424
31877987
27439428
28655891
29222837
32615543
29680723
32004538
32775607
30569632
30641948
32774730
26878319
30855616
30818298
31858779
29217471
30656307
32552453
29798932
30765760
30886100
30603565
26225911
32867470
25377965
28671754
29342890
31349521
23197691
32646178
32859028
27325107
31052587
30813063
30097222
32098431
30940007
31764350
31563081
33133682
28577315
33094183
30803313
23636927
29287858
29911125
32197484
30253060
31971874
28471308
33135399
30853609
29042614
31436946
19104140
31390534
32756370
30815348
22692603
20218862
33313443
29054525
32693137
29405059
33092210
31419651
30674849
31500051
31144597
28349897
26576419
33154792
31936212
31460833
26042609
31840798
29663706
32950200
32840812
31087700
23102234
30530944
31480031
26850145
31664794
28793467
29556366
28254327
32146381
25642785
32089089
31978961
32992018
29790875
31534332
21562365
29405607
32927088
29950157
33255042
26652706
28772498
31382330
28060095
28054761
32858503
27550946
27886552
31947444
31308590
30322103
24903714
32481802
11321309
30895021
32993354
30961297
28632140
25142314
29320372
30648467
30424129
32296591
32924443
28661522
32263887
32103765
23069318
31856696
32652850
31048486
30693178
31559165
27680282
32927205
31289714
31491773
28914992
27813213
26481468
29191608
30610462
26177925
31559316
28763610
32168750
29685821
27934784
30336617
30966310
28203553
19901446
32207112
29662792
31857163
27404126
26896655
30112709
28747594
23851173
32698169
31577996
25382491
31903439
31803824
31348344
31761175
31393469
33120203
33096435
30936320
30665312
30785262
31443540
33245049
27217203
31141796
31771222
30565889
31669696
32016231
28589916
30770648
32972139
32567126
31059835
30791603
29442714
29223704
30897554
31091015
28772861
28441338
31386550
25493313
31810611
32373763
30125670
16362210
25842141
26606451
32424271
30409449
32308770
27606933
32143204
31317169
28737375
24610737
30377665
25609254
32181358
28701742
30099199
32899341
28498800
30384493
25866560
26479454
32264283
30662598
33301844
26989480
29655904
31403626
23142224
32105403
24328922
33161041
31146979
28634956
31146253
33307815
30419164
25216511
29909492
31211652
30683398
32326874
26133398
27257095
27287125
28816441
31387088
31891357
32905929
27913653
24380055
32520520
30740148
29083526
31282658
30690659
22161949
31625724
25384685
31811925
29307874
27271208
28268535
32032966
29855799
31202550
30960678
28157291
24855546
21067200
17216579
32786425
29899307
30510190
31576899
32637745
28436920
27427243
30769337
29316208
29480562
32395977
32628934
32355748
20858729
32992945
28056710
24334142
32423075
32565379
31697028
33076526
31882581
27375236
33191094
29700345
28691691
30261642
30366130
33275498
32348964
31685772
32077012
30873886
30840139
30960441
32225011
31602984
32232027
30269152
30209371
