27612831
24942232
28134482
28890951
29951692
31170094
33152964
30424081
33167432
33280364
29309974
33183864
29953620
28473997
30499940
32902959
28457137
33261400
33255897
30738531
29854949
10708873
32511397
28425999
26262325
33022389
31540002
30470063
31577114
31307717
28094855
23326461
28727787
31592426
18391845
29068193
32150171
30876546
26013071
32124050
21841943
30202151
25553189
29096348
32895672
28383365
30843813
32812693
17170298
28128365
26448629
32596546
30303052
32222115
30878779
28782923
30584053
27197798
31525017
31451556
29038311
29143451
28535918
31445802
28013321
32419251
31589217
31506045
28208299
26553051
26922020
28005765
30880571
26283872
28976364
31870688
30513198
29454028
25333049
29509023
28683947
25360590
28267815
30770802
31832319
30376024
30440704
31886755
31554803
32376446
28654068
32887263
29690692
27071543
32784793
32433136
24962843
30828471
27872822
27446944
31388090
29049327
26649363
29745501
29842845
28425137
32913189
33131570
28275153
26369172
31548988
26073332
32596534
29864807
32088039
25337700
30143641
32562691
32075177
25840860
33191553
30667581
27722230
31582154
33295180
27434789
31795731
31071047
31112539
32484325
31270344
29470464
26952362
22992197
28670353
20831849
27749879
26303254
30441026
22587123
31031543
28518066
32295292
29515291
33301292
28813978
30917513
31766173
31518111
27581767
30889855
21218791
32549439
30418815
27667911
30314331
31589018
33017125
29244755
28554463
26541866
28816292
28621037
29273708
31385727
29039648
33279163
32141352
28639517
32649548
30788247
25895074
30318956
30523868
29974821
29538712
33096397
29445790
29348235
29125200
29290421
28962199
33136214
32806024
32091042
32455058
33177305
31382363
30587701
32081054
18236137
29050181
29649373
29180078
28708733
26082713
28067370
17868635
28202368
32363755
32344751
33260398
26583108
30417979
29664610
28513855
28325671
27783315
28299271
28247998
33250335
30650389
32710145
30220156
31562913
32418443
32443757
29708529
31817471
28331927
32107994
28246646
32100526
30833403
28281732
25951984
28502889
26401461
28830589
32991643
32608038
30220620
32596541
33302599
32733983
27540754
32011102
30050981
32825762
30400437
32335739
31813708
30543292
29911907
26308615
24444190
32959447
31948225
26891476
30701679
26011320
26737396
27892505
29654509
33071150
30794204
30428515
26918847
28342381
31549087
33156602
24633133
32919660
31692187
31914294
30114785
27428909
31680671
31484477
31493496
26506399
29547397
31856862
29626447
26734837
32150176
21912375
29567165
30893322
32575875
25547966
30547209
26406460
26871993
32776836
31990137
33140638
31973705
28001145
30695913
32693799
32679850
29144584
30648069
32049908
31494558
30906853
31330778
27127510
29521761
31874492
31063426
31115756
29110185
29510503
30960170
28093261
33243255
30253823
26748414
30689948
26314680
30341516
32777215
32748815
29897667
31500204
30832839
33019723
32992702
26258181
30146902
21370958
32926774
31025562
32534678
25891694
32364146
26736723
32182592
27064144
30555210
26446661
32687316
33284417
28613055
30400665
32537552
31993618
28602753
23481967
32442737
31479232
26737977
32331318
28214968
31524001
32765546
32732492
28965991
31707143
33156985
33012631
33176646
26153673
24903475
22767299
31166096
27506097
26354252
28439560
32401341
32881484
28111399
29999497
31687877
25988501
29960744
32380693
32094341
32331717
26038720
15274598
31431151
32309871
27617026
31685195
30948748
32228934
30948884
30135371
31049993
20731367
28607350
31697477
27200510
30782460
33202615
28135204
32464173
28829413
28946276
28985057
30517258
30677607
31372444
32809925
33257728
28731812
28251121
33164153
31157785
30393303
29349993
32214040
32386242
29419585
32915922
26857039
32844139
33141692
17674203
31672421
32987119
30322772
27152732
29128162
26681388
30050982
26389813
31766653
32181332
28555593
31493371
31511828
28668582
28144350
29323129
27605209
32305378
31035317
31309472
31109585
27966344
29466810
30213040
29673279
32999930
29565286
26796864
30073846
26154110
30884947
33112031
26121063
30300278
29926921
24993373
25727298
24321044
32135271
26669517
29656459
28208779
31004235
32046351
31117867
26040198
29341729
31731447
32528558
30310843
31079980
28182019
30294126
32969712
26603682
29750498
33083780
32057628
23155480
26608154
30855575
31406133
31088472
25732403
29791138
29633212
31113688
31326309
26577713
32476660
31546807
26423979
27752050
31172189
29634606
29368178
31301322
31474846
29268563
32152307
33106717
26396254
32050639
28691283
28772361
32614162
28613054
19693365
32171799
31018091
32105487
32722350
27475278
33214107
30972361
28834394
28820988
24901782
26943179
27828318
29891952
31611547
27973958
31555983
29863557
24834442
32455722
32952931
30961187
24934143
22269765
30054931
33050041
32505295
29243976
29494620
30597958
31934963
20644756
31767348
28827585
28888931
32744552
30196197
32283302
23536206
28723485
30403695
24067934
28379170
31779609
28785064
22772106
33035530
32155922
30598305
30937261
20541648
30544549
27785571
32277119
29953329
31686159
29505167
29882529
29481507
31817649
26957398
32392300
30887203
29897358
30795642
31981501
32050719
15250772
22666025
30604747
32984777
32995683
28611352
30569697
30335951
22522253
25913610
28566140
32552076
31740969
33018308
30976294
25370215
32708360
32257035
30393347
30185523
26924759
28936182
32224738
31125762
28838835
16609783
32530942
30534951
31171377
28506939
28151046
28365396
31955837
9281426
33105559
28874993
25051067
31918373
31536672
29464087
30746332
26443263
32258334
29129573
31516286
29486312
32528759
28266923
26736714
29125277
32749788
33003058
32927697
33145832
28322047
32510490
30112895
30970640
32706924
31765620
24296063
30424050
28343411
29696383
32210051
27422861
30277851
33254724
31127982
32176207
31545028
29709193
27276806
32546229
33002275
31313141
26889353
32240195
28165927
32942625
28952598
26861680
29940905
32232596
27175320
30501080
30142221
30417401
31535557
28773881
32685550
32318685
28441229
28719372
28740679
28809488
28440728
26508016
31617955
32420535
33185222
24914747
22900539
32604960
26545292
31139226
29258627
30469535
27168307
31889235
32971747
29194018
29631870
31374608
28513626
29739944
24887072
27503148
31700053
27047222
29660548
29297780
30773879
32866344
33179368
32590880
27443958
32503125
32972769
32611482
25489085
33235737
30015332
32477444
27353716
31382393
32402151
29624373
30511245
33274935
30587773
32141291
28769051
29888441
30424456
30202661
25869979
29209491
33010399
32640161
29695266
31052338
29635072
30633990
27147144
31814066
31276359
27086098
31712916
30776098
30448182
26732862
20811116
31546609
32813727
27048921
32597220
32432024
28676697
29518534
32416133
24150287
31256108
31609943
29533475
24432804
29400445
32013403
32978149
32222026
27280252
31535777
30149625
31773656
31013326
31235951
27122199
30172841
32369868
32005876
29883297
25885762
31570717
32024315
32337516
30281954
31057888
30853162
29802815
26365332
28275808
30581702
27513769
30681321
26716448
29651222
31858040
31345248
31055933
30579111
28004861
32443677
32958879
31939442
30683348
33198141
31527419
28317904
33283655
29680494
31104709
29594998
27225795
32546754
32029714
32207117
31873507
23140842
33278994
27254831
29904650
29504010
28275282
22875258
31364656
32035351
29575398
32503567
31459255
30966349
32803150
31036396
30047204
30349777
29716723
32028619
26810827
32311750
31430884
31641940
31398801
32560177
32022068
32549255
29846102
28381044
25984926
31101112
32688534
31946490
32748364
32941328
33299052
22763468
26709299
25942095
14509172
32612343
30609859
29975510
29984791
31554888
29412085
26415002
29804212
29111891
31998769
25343380
32438670
31771145
32957601
29160839
30873969
32286159
28557783
32207070
32792915
30622073
32016806
29181558
31956806
22324511
27423878
25578942
32584858
18333627
28630927
31307705
23329444
28359498
30788249
32597010
32457457
29490802
28861924
30092217
28274121
32224513
33050697
32100676
33254383
31984962
33178333
31916508
31258911
31906536
29294353
26256951
31584264
31592034
32148849
30428793
32912269
27464694
33095587
29707444
29196723
29182541
31374486
15672132
29948989
30908536
30771916
33215780
27070341
29060189
31496656
23721330
33092115
30470652
30942537
22399952
32834232
33262361
30543094
24722812
28967260
30667028
25966320
24911165
32346113
31889580
31964812
29605276
31250631
27173489
32630887
32635238
26607872
32348038
23570307
26295459
28952542
30069196
27486102
26832524
32281265
23824963
22282105
28912242
29529585
29573293
33210691
28773918
30934665
26737325
29584665
20033617
30911450
33103933
26803324
30443352
18584984
24736225
32010763
31015443
26974434
32225743
31002839
31255100
30532303
30892222
28822257
31106495
31075517
33282517
32989881
29897136
25742704
31785383
30258692
31381298
33045401
31481488
29945510
31959396
28450234
30424194
30186898
30149609
32350326
31269860
27436197
31532992
33121088
26450122
30882115
31749858
31430966
26940381
33216539
29607159
32640428
32486090
29425777
29989969
30050974
31658575
29677217
23637210
32783787
31150583
30538808
27046017
19222904
10754543
30172064
27807979
32356822
32990872
25632887
26682133
30935873
30395434
32703405
32456043
28281114
32955490
32092945
26942360
11314492
32752446
29170527
31813944
33251414
33197151
32232538
25929967
25996694
33074891
31698682
31660713
32195100
32281657
29613763
29666244
31195376
31531721
28753638
28872049
29330381
33095556
27568401
25879019
29967903
33244815
33260676
29292831
26402320
29052083
28472175
31872248
26162845
29715645
28861821
26780177
26494282
28952710
28630956
31232159
31596545
32277703
31685889
28626968
32690056
29846596
30562983
31500140
32200370
25992886
30063938
32069349
27157272
30698532
30068323
27859710
31494509
29056576
30158403
18698798
28107622
27085850
32569437
32265088
26844711
30523681
30916255
33233201
28578984
30948293
32901573
32170380
33088993
29505446
23542702
29509793
27936417
30563707
27789209
30262349
29060723
32233649
30630383
26438708
30868435
26202477
33308856
29902896
28986856
32776408
33167578
30400417
31323141
28185341
28712105
32121853
25251556
32711385
31984393
26175684
27506424
31727146
32574541
28561014
31778270
31145895
28719742
33040564
28853289
30112619
29300182
31480753
31022861
32957942
33238990
25325972
31619698
31590982
29185584
32454956
32054027
25575188
29725736
23172571
29856119
31083405
30070801
18047402
29090570
29724559
33112867
31873589
32899316
32837582
33182404
32087263
33096277
31512841
30946564
28343248
29960523
30686018
32674622
31212467
32743622
28808803
30698417
31776390
32354536
28322552
30255475
29067535
32012680
32650750
30842556
32033471
29088021
31711610
29350200
32178335
32675048
30958030
30996381
32786788
28544582
29227492
28989306
30014328
23566536
21211249
26129852
31229600
28969918
30043240
26301132
31970267
31726143
32787875
28060281
24341118
31723289
31083361
28671551
27362424
22752445
18230371
32434026
31639044
32794369
31270508
27753107
32240403
27545038
28350355
26101898
29782619
29097768
29948979
31821017
30169700
25862113
33291684
31430583
29845674
27315318
29281016
31489056
33147177
31891247
30469442
24885749
29608271
30535473
23786592
31855280
25689987
29861884
23544104
30011380
29565027
26108891
30431043
31079137
28504546
28534614
31058721
25934348
27752178
27146106
29075412
31374677
32596548
28726914
31000800
33153056
31872033
30177161
33086089
32091636
29368378
31081542
28695927
28224379
33050081
22097985
32526865
32632432
30965289
28871170
27008667
30792298
27451616
23824583
32091296
28574314
26897467
31456325
31789969
32660242
31895818
32323035
29292411
27560545
30066020
31734640
29117514
30915385
23034772
32674343
29266603
29706681
32582546
32207104
30528386
28753247
31854535
25176496
28642653
29325763
30469336
26835763
32012779
28534721
28669443
30027774
1994035
31624211
31200576
32596550
31454148
30873240
30050971
32192482
33120954
26678900
32230746
30455290
29214219
23776158
28214368
26277660
29208370
26672713
32521512
32260651
32865964
29510286
31471747
33138312
32028448
31753464
21307017
32351695
29903062
29742104
29051121
33053099
28888410
29239685
30372013
32629440
26446511
31260497
26875712
27263048
28168060
28523275
30974572
24421951
33111943
31804019
28500496
27887969
26674886
30466052
31412699
30930013
30028414
27918019
32698447
32619372
27869052
31840144
32682957
30960465
32355814
30470077
25064244
30067792
31365824
33288374
30050976
27275952
32095646
26808461
31061772
33060935
30178418
29782612
16239115
29474786
31096043
11808431
28800768
27976424
30669274
31814386
29118385
31697004
32782996
30766445
32763350
24846633
29450886
33069915
32823770
25678019
26181586
32286147
28977731
31946238
27362738
28673724
29233449
32012023
30659415
29974058
22366474
27834416
28009155
29621883
29339792
27251467
31976555
28264062
32267677
32290400
30477325
29148712
19373830
26386331
33103853
28579666
32716391
9818282
25901660
28211466
33138599
30223313
32874176
27069653
30513398
28225616
31885136
31135018
29491445
29791363
32503216
25607319
32320209
29605694
28719987
29355276
32110730
32329285
31411441
31582663
30044595
30501183
28541034
29959815
32751939
26913959
31676423
30715677
26818457
29904165
30903358
31251234
24663579
32797271
28598001
30964650
29792659
26736959
30960901
28140628
31639505
32183270
31411442
32508011
29205537
31952064
32751199
31207371
26965333
30128670
31058598
28239188
32394352
25294050
29989923
29610780
28738372
31226553
24902035
30892045
30545020
30443933
32966493
20949498
26261314
32311991
31542197
30264055
29759214
27470072
27489962
32077222
31766301
31769452
27902634
29870846
30176924
27935681
28494012
32901475
32832382
32984294
32040294
27216689
31137450
28960285
31985204
29890772
30726252
29156138
31968479
32650417
32752739
30240111
33100299
30341776
31520003
32221686
32429191
29062628
32776025
32622811
27009890
30466047
31698845
29540542
32339465
26791900
27762238
33316734
28564539
30230245
30965369
31834183
26121113
32183196
32236018
30945840
31877817
30151733
31211311
23373983
30050977
28979183
28538573
27786453
32056391
29633206
29224416
31071120
30551068
30036968
30181965
32009381
28936512
29782600
29543829
31421514
32987398
33083888
31035525
31339172
31899386
27192217
30477315
32923733
32647093
31336645
29089197
29924698
32364418
26445716
30025603
31252606
31757058
29048144
33285365
33226900
25901657
27235815
22105079
32532923
30392231
32962830
32375404
33081398
32384668
32276923
28777989
28274480
32225094
24992972
32429812
29250211
27833903
27960425
31310867
30441299
33191938
31994861
27607561
31403424
31405237
29787582
20068628
32259978
27137012
28972378
28615797
15248705
33020376
29855818
30132998
26902520
27635356
29636893
30964636
28269239
18183222
28842018
29359388
29490458
32572195
27569272
33200998
24052348
31240370
31515019
32039123
31457304
17269810
32867115
31811322
31666949
29201580
29693584
28005818
32948488
19346122
25930960
30424260
28186400
32678158
32732098
31119158
30026240
18220237
31153633
30118016
29257699
28781073
28933439
30472737
30246220
27040369
31186502
29681579
31508304
30715053
28154775
33307798
32812744
30897316
33158192
28243363
29575596
28230707
31317163
29311547
32887072
32846486
28128822
33194427
27050661
28366210
27529873
30855933
30200337
32599574
27445291
31890335
29901628
27531042
31953456
19056288
31499994
33008027
32077257
32235968
28488594
30070074
33105820
26338090
32776330
16838351
27782703
12719233
31381466
32331268
31999587
29607202
30393362
32816091
26152461
29588107
29990432
26763620
30379728
20419244
32604518
25571048
28169466
31510027
33211312
32320207
31819060
19320428
31600202
30860223
31081811
33313510
27758111
30322393
29167621
25671493
32979593
29398511
26473878
29930795
32455865
31832008
29402527
32661456
31738169
31432042
31520760
31513039
32240212
32092856
27301435
32596537
29770160
32029715
27508106
30794446
31700014
29543991
28372730
29216060
31321976
25736116
32511025
27943014
31025966
32610995
32264435
27608534
32977151
27312654
31945220
28477918
31401125
31081452
30248401
31773294
28804733
32019120
26235921
32687379
25906401
31957906
25794301
26995273
28529670
32856892
32211665
30424049
15042080
33178937
27323280
21602004
28617667
30630152
30617816
32639136
28230346
28268011
30968796
32257383
31097753
30279477
32171620
30158703
30148203
27106426
30445005
26907224
29446761
27214175
31763536
33270772
32648672
32773914
33242657
29958606
32627807
27632024
29561912
30783869
29948082
32702235
28508038
30107218
29182214
27605418
27505387
31363505
32924535
32331359
33045781
27811863
32348561
29940018
26727249
30189435
26233396
32418811
30006515
30447987
29437509
27936286
31236136
31981240
33079550
31536067
32074944
32647174
32423170
32992735
29067708
30157184
25022166
31417347
23132304
26809040
31510390
29133915
31187627
32041304
27506842
31337134
31569486
28267830
8966295
32255734
31095627
29572035
33087590
29440763
28788738
24862197
30896011
26406036
27066068
32363889
30344404
28090431
32907514
31538716
26545484
31570349
31547277
26576255
32543577
28720338
30852545
28135646
30713686
28465202
27689939
31709753
30404374
29128350
30129183
30202862
33179912
28245589
29971790
30833011
29046689
29813103
28361891
29900182
25793923
30158904
29387914
25626549
32127030
30712700
32192099
32629794
28980512
30334787
25622881
18498831
32867332
2225523
30035990
29678613
29953566
31816391
27499417
26291030
29720334
29847586
31540075
29637173
28879329
28725252
28231405
26368109
28930824
31785832
29783728
31212052
30770639
29602103
28500466
31808400
30114955
31961120
32958354
31183564
32618186
25868154
26709247
26026560
28816029
29707849
32258247
30676943
26071991
32438671
28018904
24025287
32585384
31847216
28687520
29746790
32024453
32246111
30074040
28025262
32284239
31252147
25553202
31260251
26997197
30720750
32020273
26388092
27594210
31285063
25668064
30876216
27591743
32861769
31967798
29090579
26387704
30528742
31525970
31375239
31604310
33188381
31472012
28750894
30847050
25669757
29068642
31669612
28648718
27010564
27806755
26333352
28624566
29231703
32555765
29997365
27044712
30403194
28178998
27051884
30238729
30960928
32088334
26349853
18197365
31343151
27445707
31963792
28783323
33094185
31381348
28613056
31057848
26565823
20715073
30850714
32498864
30428372
25416911
32869400
28945068
31307189
27025869
33220640
28343102
29951263
31148598
32610305
31814025
32312439
26888347
31133525
28741218
33135524
26550911
28397956
29926461
32717521
29374811
31450420
31156688
26702691
28825288
27232384
29579953
32280071
29976733
28157492
28689470
31050391
27219830
31559297
32098210
32446758
30916926
29859953
29122434
31863479
30732480
30280159
33085676
29048265
27482021
31904007
30960847
31361534
32330139
32657493
32286433
31056499
30926481
25837962
27960390
30387384
27834129
30711292
25412118
33246051
28406192
31268288
31114799
30118594
30688298
28453949
32129594
3383566
32565103
32580298
28666846
32901632
32751305
28481300
32596543
32798117
33207712
24960453
30500605
27337643
26471239
29908106
32992544
31288411
25542613
30798101
32364700
31459347
28951008
30052609
31445227
23375870
32037788
31192036
30067664
27173105
31569814
30376606
26492231
29984509
31899605
24579630
32143384
30019504
31867506
32517173
32478719
32855881
29387309
32660398
31237803
27194139
32521692
30506688
33077283
33266813
29200269
31892084
28094997
29531871
21417494
29112150
31919347
28193147
31566952
27599393
32597027
31178660
27092661
31110213
25455164
28773431
32197396
28249289
28789516
33276641
29884927
31805116
31218030
31871971
28814036
30715444
32557791
28272513
30862464
29330523
31684719
31162768
32448723
31592712
32975925
32109642
28613063
26668816
33176775
14697706
31339577
28775253
31808331
28780843
32910397
30788248
28608675
26070023
28269402
20811118
30803923
31962069
29180326
26639572
30974598
27433470
32717809
26564680
18925761
28887277
32840819
19213878
29610935
31108792
29602970
29097699
30603516
30128232
29938287
25500614
28062895
30960846
30884645
28532105
30128258
28772649
32759642
30658907
26783090
27526196
33287397
21230271
31488825
30610954
32571936
31513038
32278014
32492980
26506428
32383302
26237344
21298805
29616168
31961771
28920606
30959912
33118426
31816614
32953812
32885661
29741987
32459222
31418306
30126216
31332545
29372201
30404300
28992232
32651436
31402077
31274125
27528764
29888708
30057220
28229461
30884877
32891718
29327553
26693735
28179570
31182607
29301706
30325848
31091273
25681352
32758268
32517349
28361532
30499955
30380998
29271937
30255916
29492172
30477225
26773488
29356373
30050972
29068937
27167030
30730127
20811115
29484726
29189775
30467406
32511612
31992483
27913951
24324769
32808548
9281425
30126149
32481724
33235596
30238745
32036018
30776506
30771970
32454304
19350094
33126542
31498428
27722504
32687694
32667587
32419044
29716816
29535351
30634075
32665880
31227243
32384658
28470982
26370578
30554739
27321706
29204227
25981838
31353173
30974859
27886051
32111880
29224260
33171883
24038030
24862974
30702096
30481632
30279432
27845041
29664599
31725818
32150899
23705628
27215535
31035747
31338776
23643249
30649645
30388817
26387090
27077333
27664455
33274834
25641818
29451097
25923363
31334525
32953501
26899478
29207574
26072198
28759212
27506462
32252986
32707862
33166037
23333490
32505275
30773643
31517454
28242061
27444550
28773735
27389811
32496037
29339059
25231706
27219241
30261829
30642087
32242194
31948105
30959394
27321235
29523348
25622324
31904166
28198059
26217582
28530385
30454691
33263392
31617793
28773156
29530693
31486810
29334259
28280726
25249178
32646811
32855627
32043356
32789074
30974192
18237135
30513580
32839418
31233814
31100841
28848112
32268687
31769750
28268328
29789910
33147741
28194964
24800270
32190066
32122027
28590510
31499848
30744433
28759164
25017302
32049499
28687472
32744531
31847062
27529631
31131288
29784937
32945271
32789728
32207103
29389322
32365536
18402165
28726951
31415935
30914172
29208374
31430641
19040218
28827977
33051912
30823480
33010507
32875660
26314247
28596154
28103751
29059836
32818861
30897273
21642984
30371265
32527069
23787594
31976173
31012300
27305061
31472715
33252111
31241458
31968712
30856434
31420930
32364900
26230598
26917152
32722540
28638137
33234016
31786555
32953939
27505064
32485682
31382667
30659922
29882750
33094190
30202155
30043616
32762378
24615285
29770491
32990427
28120475
31553343
32060006
26934283
27613588
24471865
30899361
30901769
30970468
28610688
26801834
31861397
29139286
30917574
32768526
32277107
27631341
30480159
33089109
31562928
31699615
29348206
31597563
29904715
32290384
31260621
32871855
23334001
32544123
32610478
27907008
31872825
33073976
29633208
32905921
26741485
30527292
32008454
32339523
31842417
30479625
27121269
29223522
30965994
31057857
32720567
31387087
31449617
28639069
25300886
28603907
32496695
32764356
32083838
25659851
29065537
26402038
32257030
32838357
27966220
28778355
28294204
22805740
32628950
32927938
25660668
32568014
29544785
30927802
27806603
32549309
33149133
32856144
27480617
32354631
33221864
31634651
31873101
32671647
28942003
29523300
33172711
22319479
25735231
31147000
32354128
33217548
32747229
30284814
32041863
30087292
30347539
26109268
28187783
29402046
25482534
30159920
29118668
26353071
31352251
27190549
27185112
30464847
28317377
26628181
30570161
32517077
31792425
27291333
28879961
29353082
29659624
18330427
26743833
32494234
33088990
30497434
31610661
29368974
29912199
29379201
24909865
26381058
26601170
32363857
31963492
29499364
29531306
27182839
27200251
21470229
30424320
31684002
30087378
26759768
26763293
31856284
25354757
30045567
25262610
29808984
30256091
28961100
31783617
33260736
33043610
30269169
32341724
32326869
29513315
28556257
28789265
28337049
30286120
33088881
30505646
27131659
32498277
32537768
32875765
30557548
31687810
33202594
28363503
27117858
25662026
31815087
31047305
32851710
25786920
31095139
25754237
32493648
30842437
30056789
31133619
32527566
26695798
32181416
26749975
31340176
27706845
32522804
31948771
31505328
31474111
26643765
31811378
29615324
30471822
30932020
32813535
30036469
29633205
27041098
30963705
29741081
30281168
30210061
28082098
29450219
26478983
29603422
29372421
32260222
30798926
32441708
29648445
31069321
28327533
28529664
28381788
28937638
29669577
31547357
26103473
28939646
32307760
31199057
20218546
33114103
27370158
22897397
29383797
30370977
31680679
31939966
30194693
30823425
30941478
27283594
31591440
30615689
31960107
32112282
27367939
29724554
31057943
32131058
27592531
31446946
31579031
32291555
29786774
27584722
29267367
29097409
31532887
30441202
32717428
27513771
27170842
29693206
17266383
27404898
28596213
32121708
27652681
31290295
33158095
29890266
31767890
29906220
27706419
32580681
15981274
32880426
31905807
32895188
31901833
26073969
32249936
31920076
28874215
29854803
32472877
32649128
31497705
29152953
28508523
30521316
27567386
21701054
29215174
28773590
28328582
32545359
27925228
28186873
29289316
31345035
30474673
28508160
30540607
32864346
28584234
31512861
26349649
28383249
24101503
25679865
31229406
30586367
32360916
29193075
30539177
30242780
30350007
30855128
32675816
28877098
32235078
29985781
32290591
30404282
19641157
31513393
27422928
22302705
29617311
27475557
30875473
30454070
31635414
33137769
28920439
32148018
28570765
31474738
26552096
28710459
32316869
32766613
28400556
29569667
32489157
30172331
32923637
30799858
19501831
30748103
30830133
29356794
30981658
32225212
31371848
27118615
30172318
31608421
28328041
32596331
30180536
25644140
25538804
31456017
29111556
31232434
27934187
30336185
32143426
26688945
25089616
31203308
31469537
26978589
31134918
27582243
29439905
25808338
29148121
27720877
30914227
18577576
32095736
33186406
31344016
26789202
33281611
30530947
31380193
32957241
29761982
32438718
32507845
27155262
28752243
31946682
30966700
28084663
33009416
30424197
27997104
30226230
32458914
25896564
27775708
32384897
32954572
29786375
25121877
32401606
33173409
32244877
26731451
33065569
28586401
32624265
30646415
16831018
29134104
32250956
30633289
30579852
29054990
25605024
29951264
26758411
10984701
32587094
32998891
31230942
33164685
32313919
31805544
32875671
31135960
29303053
30124639
30469818
31511839
31683718
27242004
26803175
31831036
29266601
31461781
32851792
32897697
32104431
32433352
28252935
26602432
31375944
31547544
31188247
31106975
29039944
28094916
32115120
29614811
30200785
32878337
29039912
33143902
30889748
29308207
31057872
29291381
31692319
26520719
26838346
29500848
28324943
31559136
30487615
33298063
26133612
32653260
33297670
28580999
26736794
32454552
31319891
30339000
27136075
31805643
26558410
26725914
32308293
32512931
31279771
30022284
32839307
30541624
26592750
26313027
29216616
26919965
32057454
32923813
31536011
31300302
25180808
32126707
28146634
22047754
28320774
27335707
30947359
31861400
32629848
31812308
29910968
32985860
26538193
28379863
32551471
32344941
24059192
26846800
32377496
29799965
29568560
29672027
30899403
28639519
27471144
31482708
32597338
29898594
23766951
32638296
32865721
20632372
31171180
26710123
9281424
32381347
31172199
24895052
28719986
29575234
31382062
26319259
32182735
29181795
29756132
30501294
28412784
31591433
31767889
29707915
26390808
31150856
29131813
27466125
32347671
30862005
28328842
27116677
31828123
30282932
31469732
29062036
27995203
28474793
25164764
26189015
23902269
21090674
31157319
22214978
28681488
30790438
30268678
28167635
32515582
28097922
31547770
27321286
7897503
24660218
23804952
25652461
22847237
30719629
29056028
31747367
31067649
32486307
28344293
27329828
24580035
30316856
31741384
30469649
28162139
3376138
27634701
28649157
31838562
19606339
31137505
26775074
26915715
31499171
31354931
28096747
29658697
31212649
29978614
31476744
32699273
29576649
32496922
33002387
30440531
28034541
32101385
25005554
18970464
26926357
31458469
29072903
31775805
23898168
26498272
28721407
27429998
20000554
30427903
30953435
28966386
28222879
28529102
29688690
31250313
31743481
31546970
25079230
25864045
26601006
24417672
29983306
28456427
33085236
32078702
30030464
31665036
27324325
25848021
32924414
29120185
32462933
30725341
30616778
29295257
33170353
28228539
25385353
30773556
27087065
32700489
27163327
30503148
26992060
32293127
30792148
27786314
29716817
33174306
28281349
31788780
32664645
28256587
32668768
30398834
29708170
33014587
32622058
31817981
32440740
28617606
31262009
28852351
26804634
33291707
32388100
28855717
32823759
32695970
31805540
32121723
33255882
32727150
26432193
31947402
31569363
26837031
30117404
32360529
30050979
28742761
27666734
28447665
33079377
27244532
31874728
32715302
27172803
27923650
26254102
30293688
25841361
31589055
28970868
27124263
33198062
25744600
24315564
28291910
29966338
32724734
31891618
27747289
29761275
23898918
33126439
31403406
29170867
26825311
29083959
29737169
29388306
26868470
29681529
29068896
32560308
27910205
33104072
30498799
26539542
32536750
31053289
31862802
31566943
31065307
27061218
26520740
32500938
29234768
25733006
32341404
30451236
30563579
31474272
30122001
31153769
32851914
33061162
32014338
28028968
32059444
31398962
31547206
26627596
29334165
32832880
30802551
28452163
28873836
30424405
27588938
28124282
32106096
32603542
29115074
27333052
28846603
31161397
32466410
30211394
28155692
27938892
32471065
27140357
29678732
28228852
30161240
26017607
31826098
27920950
32387310
25754367
27015793
30359958
29779716
28831803
32010283
30664695
31825174
28791080
29573485
29892589
33053813
32787154
28553704
32128526
28977423
29990018
27769741
32032785
31873199
31480451
26590304
30593113
30961229
29906672
32131543
28409207
30690187
32183435
31464559
32745840
31505857
30654219
32545168
32117666
32393482
32273250
25421556
31263737
30200231
29100719
25991234
32488822
26005999
32456923
28008431
26511284
32839970
29924584
31040270
32163665
26778878
27077645
30219146
28762026
30969102
26980159
30012368
32121481
26704215
29855538
32635327
28157716
29251563
30406975
26915582
26336695
30931432
26772730
27813710
22907803
30357874
28515424
31764568
32611431
32478507
33269164
32613337
30119460
30973784
26923437
28176265
28749372
25520257
28040366
31544295
32239017
32066245
27185932
30830307
30818301
27393280
29540300
25738695
28701695
27449277
28562693
26836190
24886511
29598878
29786607
32717887
30614489
28723166
27375367
29890808
26103485
30101413
28773244
31874579
30771536
27930717
32407397
29132232
31820351
31225974
32970403
32853235
32977441
31105361
25739629
20679245
32518019
31211870
26429265
28854273
31623960
29466613
26594985
32020928
31793761
31399789
22116258
32511491
30370472
32753794
31727950
32764499
29782614
29506277
29219007
27933103
30940542
28685441
32240394
19894095
32344295
31226596
31035522
26192030
26770510
32525868
31093500
30669432
31858099
30788246
26724086
28662187
26262476
31845189
28462937
28906599
24439279
28268338
27452043
23222659
33283176
32678238
27829733
27696806
30096826
23394423
31187101
31549689
30498633
33138340
23766811
32235523
30764953
27640246
26424253
30292340
31170698
31545320
27977116
31238278
33077582
30043544
28634149
29768115
28982089
32101229
29932976
27185285
30178169
30087296
25673007
29876996
32275207
33255555
29376589
30868000
28714587
31161740
27643492
30453019
28832216
32941211
31891021
29131190
32176155
31335730
32744541
30960800
32357456
31121565
31231919
32573486
30630061
20815901
31348661
29545843
27196745
31433393
29167755
29355261
31512018
32626621
26707430
26552611
30372018
30367503
28715375
30157556
25794915
33279472
26976577
30281279
31186011
30169364
30019050
25822935
31916019
31466919
30419263
26592741
33140076
30054687
30695918
30901726
33271994
32157863
22671530
27333429
28373643
29154429
27690649
32878160
30771942
28211622
32825164
22741068
31878292
33242612
32928068
30411228
30439491
32287322
31647628
28178871
26383082
31248083
31751375
31374726
29137148
24002351
27965116
33258664
30452216
30722771
29684169
29144425
28914982
27594781
32190067
15070388
28586732
30579643
33091570
32992370
31157812
32965536
24043254
31514846
25970032
31482075
31420497
28247114
27730458
32224962
33097371
30175453
33036980
30693280
28099494
32794080
29794699
26256589
32443451
31013425
27747857
30657159
30531126
33291806
25571937
29451446
26805775
31775227
27059425
30600128
24215725
32637744
28834693
33006946
22199414
33233351
32872603
30101181
29802299
32011852
31172021
30212180
28852611
30860353
29874267
29549022
32341727
32954041
27132180
30825070
31140776
28269689
19369791
31050403
11765824
29016991
33217905
32396528
31508293
31098846
32349410
28594678
29312871
29774211
29300389
29266924
31666512
28318544
25994691
30232093
28798855
26810696
30446978
28887857
31373102
27723966
29959564
28587563
28225261
33258297
32720517
28372368
30587793
27928774
24559360
30893728
31820426
32040290
31816114
32878260
25936598
23446024
31026109
29943060
32019101
26520306
29655572
27439984
30960100
30937369
29872975
31792314
28317159
30276205
28144935
31953440
32102288
28731220
29908785
33212847
31563890
23050083
31957749
25797056
32218169
32919677
31059220
30234715
31898892
27041015
28788972
30393349
31889049
26805698
29124128
29032164
30260091
27511881
31425722
31764559
30426493
28222618
29257107
29226591
26527486
25822093
31216296
31774361
32932625
27498319
31128769
27302471
31540570
31658754
27884347
30441374
28420152
25539985
27410079
33069894
28056709
25584951
32336541
30165954
33002242
30314390
29911853
32227152
31883589
28067265
32764235
33102905
32966421
23235266
30873314
30159245
33231221
27785150
33304608
32122127
30231193
21699191
27372160
25722118
27486597
26868314
33171261
33170449
32381724
30393457
33022636
21399830
27777787
25974909
27364988
30090851
32138209
24060685
33313087
32355158
29705104
30799056
32686309
30350390
32008450
25441413
22591403
32408618
31960844
31910952
26345697
32524442
25581092
32766275
28263243
31861145
27633018
29085456
31427647
31167171
32475544
31522585
32640429
28287692
31052399
32951433
32752448
31441330
32630432
22287588
30768055
29938558
27819652
29101075
25015013
30144626
30011868
32949563
32110926
28446020
27009400
28139285
31593820
30966028
32826892
29504740
27003456
31149815
30930594
33224121
31085208
32274249
31794916
32866822
32580350
30610836
26367779
11901010
28057090
27886553
31686085
28028644
31793900
31441070
30555914
29887667
30649673
25367613
32891830
31249656
29383005
30255321
30608705
33050297
31122451
24147735
29417931
26405888
29968305
33299712
31595665
31858161
29182084
30866892
33098009
27377354
29706862
31107384
26133873
31589016
29247175
30719506
32812671
32132766
32385637
30016288
32016687
9950651
33041213
31665709
29898415
30407685
31231886
29801927
26294648
27353200
30467303
32681236
28876044
26943848
28766726
32463928
25738544
33257752
30501070
30054473
29529811
32730360
27671641
32782990
32110740
32378322
28206760
30853367
30718175
31386542
32236724
31367716
27626676
30960772
29426644
28110854
23184743
31472646
27456277
19929213
31924801
29977828
29047957
22272108
32491835
31920162
29188097
29685199
30053843
31055697
33156390
29570442
28977713
31983906
24124345
30999407
30289680
24519985
24233187
27792471
32620526
26095718
32340319
30911289
29962248
27188004
30798860
28262669
31366932
27911926
32698573
27424152
32048299
30877029
27177102
27244724
32551116
30884229
33066408
31003432
32255212
22748480
29873013
32551159
20936834
25401579
32436163
27857469
26860990
33256401
31984957
26494528
31407902
30535827
29201606
29543930
32363704
32823712
31537803
28711185
32709009
31030233
26790875
32588834
29929817
28032744
30960006
31790192
30177870
27366318
32363703
33253188
32558163
25622017
31578256
29962915
30534830
30647000
28216360
33179352
29943281
30133862
31545145
30128354
30734578
25904062
33188186
27230499
30346129
30865672
32375286
29806279
30796731
29717867
32510859
32350868
31779264
29111337
33086207
30467346
30465866
31402282
23907823
28465028
31922484
32145267
27567573
25127471
32706702
31429771
26093294
30424043
31402545
31309292
31083479
29661210
32457883
29491201
31284833
30139921
29129522
33232756
30764888
32121582
25564394
29345455
33260096
29984551
33101848
32954039
21874102
30779410
27515530
32326136
30612385
28772604
33205562
31706346
28707348
21577435
31961950
28873906
33088986
29877866
31358214
29017792
30293804
33218481
32486750
32578981
25965016
30293853
31732060
29982464
30525470
29864834
32737927
28820597
32251343
31469128
26100167
30043825
30393360
28642185
30522328
30805324
29774617
28275809
31229757
30708358
29037225
31671799
29630757
28438070
32412466
26814079
22411542
31038194
28826704
26175139
32436495
32062211
32003162
29479823
33140005
32273516
31057906
32532547
33063552
33050351
31945843
29572315
29544753
30964444
30803261
29230948
27214495
33233463
25072812
26898064
32244706
29759249
28857407
27713545
33159824
29774658
28634341
30315810
25748942
31568862
26400047
31537305
32871079
31082807
24235100
31906769
32095727
31080979
26763294
30947434
24648357
29969056
31334434
32207102
30825777
30678186
31369828
30287830
23380571
18002998
32875216
33300279
32498863
31832931
33257256
30105214
31349597
30745597
16050787
29277367
33312444
28885113
25161184
29781590
22842728
31822663
32311524
32239051
27324801
27250177
29496055
29144426
30149719
28248760
32421015
26353942
25757881
28112641
31949270
31436781
10708874
23148324
31205295
30066254
31417833
25557983
32408711
26054648
31808485
30631689
31961915
33001589
30440292
31058222
28447994
31128753
31390834
32455237
31586137
30548607
30661925
32622000
24563485
21695695
32813733
33226949
28405900
31050399
27405312
33041741
21739951
32516909
32674334
32154227
32545734
32891879
30253072
32630533
28960525
31227167
28773879
33195810
32104872
29567179
28772694
31458666
30809745
30167189
17672791
27370698
21832645
29968424
32899496
25536146
31531739
31402125
29441429
32880439
31168662
28797089
31118837
32035253
31356047
32626723
33305562
33250102
28738005
28552283
30347881
32817872
25820983
32707484
32356154
30539176
28525774
30824148
24438229
29943499
32156576
23911673
31188818
26682696
25915641
32677818
29538426
27146633
28203010
26040634
30548194
32010571
26669842
29032976
29807784
32196302
31363238
27273436
28613297
29399628
28130050
23165591
32189817
27982515
30536570
32409287
31778993
31999576
33181618
31409019
28134003
31586195
27478528
26378807
30441637
25699536
31218138
31503124
26889349
27060520
30933837
26912523
31256583
31033274
31679904
19699931
32664254
26560369
30845835
32128428
32659858
32133781
30861245
31766032
27842100
28688157
6778201
31873080
23185319
29171867
32628556
29470557
32397442
30144100
32375663
30810305
29909727
32961823
32863402
26729400
32301738
28084141
23559243
26854391
30077830
31679572
33260885
30033278
32181247
31783633
29774184
32635191
32233062
26285669
31905877
31070607
30961043
31573716
31555480
26385670
31419077
31816898
32785811
28338417
31946781
30424124
30006221
32708407
28631624
32045200
29789414
30176137
29436243
32123797
28192927
32076086
32338519
28608434
32179694
31816775
31386866
29603624
31260266
26356763
29086599
28895433
29358006
26600987
26615056
32201721
30581722
32444588
31313576
33077845
28289699
32313589
32258883
31526838
27567735
29048159
23583818
28719603
26662064
21860540
29550739
27411356
31243418
26465352
26018255
31081206
25145821
26099109
33088995
32987710
30674968
21172752
30825405
11757036
28793046
28230979
30251710
16516288
32207108
27410042
31305015
27749274
28444177
30105008
30993871
30974104
32357922
32227442
27222318
27564233
30424453
32033245
29743664
25087790
30941362
24961451
28773646
30387210
30071717
30370028
28002773
30089093
30401941
32962085
33105810
28875572
31282390
29500942
32548973
32440482
28131676
30175277
28441847
26294609
29737662
31094398
26099838
31549115
31284718
29755301
29733278
32803531
31496399
30035152
32081794
29747458
31882642
32872172
27498242
26239534
31347827
30522844
29178348
25996695
31127750
32470962
30527494
28735531
27464989
31337146
25541618
27273005
30293825
28673795
27134300
28546911
31052329
33255922
29375901
28639516
30335883
30544537
32133953
30033965
20871613
33215778
31802061
31840140
31770705
25537458
33313235
31615665
28002463
32331445
28930091
33128392
29856722
33231514
28648329
33243887
28489315
32659323
28721726
25635699
31988314
28806768
30740887
32980098
26721993
30930318
31268785
33137459
26718952
30151842
33269847
29032176
27649121
27075732
28938315
26811444
32058496
32495689
31957319
32680859
30126266
31415874
27263856
31383888
31134413
24933576
23347165
30616231
27914552
30296344
30821903
31212852
27610704
29869264
31266678
31414964
32696261
33049515
18579391
32628520
32918149
28205596
27769477
31041434
28268399
33182815
31754879
30040042
29487506
32546799
29061104
32134556
28461938
28148330
29637901
24763966
27777116
29579973
32492672
26981110
29320560
29402038
27137437
27288878
32719991
30959918
32328212
30855199
33142964
27358276
25702252
30041029
28000733
32635323
32110962
32567300
29623905
25962333
20879300
30801506
30820811
31077484
31843280
28434556
31170602
27166636
28251176
26888321
32343277
32309067
31424902
28687150
31818221
30156889
28772665
33161936
27194406
28433213
30765757
32878235
30205128
31236088
28634015
31892445
29127451
31539002
27020714
28901052
29260185
30441540
32328209
32649007
32092176
31240033
27195174
16760727
32621592
31586147
29596418
31410839
32292705
29214803
31816706
22014422
27060385
29501046
32603662
32160198
29475753
30791139
32485816
27585198
32865537
25703503
31309016
26368693
31474271
32518624
33203194
28825617
26234839
33157888
27525809
33057528
32127376
31816700
24809416
31481641
30014778
32121141
29595704
28632265
31354811
32956528
31449687
31426317
25374914
26562234
25711675
30427377
25780246
28284205
32660513
32502352
29091278
27455392
32080133
30113081
32994683
32653869
31795355
24976019
29787894
27992059
32396604
32386498
22984341
31911105
32073253
27768367
27627810
29772802
31765787
27068319
29412084
28241717
29577062
26725379
31754916
23631857
26099870
30295622
30360049
30609613
32444637
28898358
32840456
23857715
28504146
28772551
28347731
26138983
31674678
26204845
30911843
31248231
33195110
29485888
29960815
30789873
26780761
32649586
29219301
27918636
29996477
31835874
29065569
31200898
31027960
24905601
33057565
28386686
29048214
32345292
28588251
29117140
29057187
32785079
33062231
28826979
27008841
25409532
27721555
28985669
31073160
27807415
29294375
25934428
29483519
32585296
28740881
26636004
27733894
30855473
32820158
31094667
28128382
29686977
28134486
29809162
31640669
27797295
27908164
26946918
25880807
29845144
28633541
28734609
32833810
28988856
31308280
32864037
32326180
30375722
31708029
31943378
32549217
30593825
32504225
31657796
26365200
32427004
31357393
31649641
32667759
32858608
30943460
30657211
16979492
30978485
28487823
29690641
29850523
31170878
24881540
29342198
25159591
30298333
30334769
29674027
32322726
26730216
30955233
31832123
31719635
30624944
32919331
31009631
33003512
32113386
30960298
29411529
31444687
29906653
32581423
20372989
30172528
31343084
25402115
31333016
31772272
31056856
30973316
26464272
32772375
32651379
28380340
33117999
30991900
17143771
31088563
30847926
31416109
32963417
32688124
29452866
28773716
24671446
30392980
33104619
32695374
31765190
28163241
29556013
29761988
28948897
25899209
30983359
26806103
30560661
28863712
32975214
32220721
26740737
32319180
27897397
30968883
23600178
24901287
28786714
33023200
31027212
30593114
27367093
30104013
28401754
26088462
31839428
30224464
29716401
31116763
25735794
28459670
33269035
31032439
24859027
27052513
31584256
30200475
26736900
27246991
19350096
29493803
19206644
26423911
29914501
28610820
29729079
28772389
15461491
30009672
30077760
32706994
26404142
31156031
31050689
32821473
29410987
32160322
31478843
31192069
21835549
33063543
24070108
32116403
32782987
32752779
28642054
27072399
27607247
28518077
26234977
28406364
33302091
26781803
32244663
31663283
31841123
30539016
18257041
32685514
29509786
30383320
31139221
31766417
29715915
25921944
30264054
28612085
29900562
30820068
24933556
32365312
30977975
31591229
31472607
30764474
30702295
29067504
31111327
26873472
32113524
28830200
25708796
26522846
28698623
28780275
32892932
31460313
24633132
21922628
32046236
30669249
30202798
30475233
29506775
31955760
32810385
30424773
29621286
30929369
29947848
31322337
28323175
31109061
33291285
31454927
30086913
28758963
31426824
32958301
30702785
33173119
25993049
27495914
32069350
31033156
30440629
31036030
28367477
32028758
27906156
30139703
26004235
33084998
32499560
29546508
26760736
27177266
32635711
26707709
29304390
17406663
31976193
33162640
31484404
30200428
33240759
32731704
30446995
31779123
29512208
31432880
32077540
30761614
27759756
30461412
32123561
28659727
31814422
30856207
30826656
31500125
32114675
31578354
30148480
28828038
31313478
27521515
30270611
30207021
27125336
27531619
27344375
24521980
30856550
28267667
30665710
30696308
31056901
32597695
26119896
31584552
26664933
31248098
29845669
30221790
27477945
26794042
24808129
30922559
31370930
32617818
31153510
32174375
28647828
32567198
30707934
25805248
31982555
30649688
33079486
29611096
24892068
32774016
26368165
31581311
29749792
22728820
26183010
31057842
30392662
32235050
33262931
32770002
28741361
30935614
29609362
26820961
30316614
21366331
33102923
28796182
31104546
32240280
29874800
32657992
33169514
32805865
30946228
30775221
26045211
32887426
29242783
33114009
29414982
29771086
30441434
32752062
27333217
31568996
29951991
30458260
19188946
28756962
28817158
33072856
26339850
33092286
26220346
31973896
30820442
20467825
33122729
7748939
31163720
26959026
31934741
31126603
27633465
26877229
28871402
30960857
31894570
32972044
27828351
31244252
29941033
28102349
28965124
25475900
30988746
33231352
27718124
24529407
26180678
32484485
30604762
29782616
32225277
24110238
28537789
28422253
27288067
28717801
32596533
27339700
31961818
32044000
30993751
27866698
29359825
31903309
30783624
32218270
32623735
29289317
31585561
31585044
32600235
30477812
28541035
28493805
31455138
25902277
30200812
27104921
30365297
30826424
25186395
31702581
29210486
29931700
26462605
28346208
31453621
33197634
28952475
30846757
26660897
30923948
32617498
32599853
16470824
29854810
32878643
31349454
30663123
29752120
32536185
31698659
32206376
32081301
30422102
30007716
29274108
33269644
26465262
32883998
27274602
30887131
17945837
23116365
31845232
28333087
32982713
32680086
32315475
29779368
33073269
30325646
28962741
32459023
32797917
29573322
31608493
29633214
27587206
28256602
30031287
29537314
28601990
24233186
25779852
26618369
30508977
33041074
28711892
33306301
27812468
29860870
29392433
30900789
30689167
16888040
26337222
30075783
29608429
32423845
32584270
30031859
29297773
29445972
31195726
28933187
28481437
26437382
31487823
29506814
32099931
26230460
27512530
30215588
29922020
31769198
32977523
30488962
32108392
31425804
31514665
27444216
31737608
29974302
32560234
26861130
30760110
33255289
32156531
31845035
30551067
32794658
28916103
28772954
29091678
32628008
29234219
29328672
28468161
29577061
23391752
30712912
32115208
30703596
26836099
29034225
31529502
25862767
28346338
32573148
27942933
30471608
26558389
33053875
31366172
30424247
28834542
30768025
30966348
26165757
32566794
29182093
25975372
29487887
28807205
31700066
31426534
30959995
31080575
31107071
29459910
26698452
26353377
24410099
30382988
32751636
31876090
32753249
31500321
30742039
25402952
32244204
24808130
33279765
26184194
31268638
30202154
32045898
28152039
31262078
27709002
29905105
30556753
33298832
25652930
27162278
31887805
32893145
25393844
32033300
27504130
32562576
23959637
27028750
28056140
32297748
31392835
25820409
32151261
30960275
32302091
30663439
29401651
23822094
27046576
32678723
29601543
32010758
20814919
23160742
27501761
31482643
28660620
31891329
28630959
28188705
29806243
27464185
33244546
33183940
32868876
31203082
32891414
26289283
32898296
27283072
28250279
19157890
30933157
32133720
29457412
32165612
32296252
28327469
26160940
30424360
32910129
29295508
31537976
27142402
31796635
30403141
26864335
32841768
32149313
31390786
32438356
30813342
31361170
28361165
28167391
32761497
30300279
31311557
32263276
16519434
29963851
25647807
17504271
27302654
31067651
12540850
27231729
32786179
29879163
31671901
23168144
28192281
33105986
29396606
25787065
31912106
30059337
27525659
27624576
31052801
31820383
25514588
29912877
31210276
23691992
31915387
28345159
30477670
32419262
27045372
30646636
23686177
26106998
31653810
27826787
30462083
30374126
32049901
29682964
29947996
32386057
30139567
32098235
31946686
33007848
32609597
31075746
31994812
24808128
30486411
28168520
27757345
31357171
32933195
32280910
29748672
33249834
31814969
26626828
32207951
31955665
26325060
32499593
31947531
31232244
32584770
27684742
31731709
31945277
32737703
32752042
33231428
30680385
32065157
26492247
30469515
30042099
21879975
29177627
31485425
32423844
32168871
30506234
28978460
28059320
31436233
29246481
31684288
25782081
25846520
28724739
28753252
29554909
32544421
27341268
33050058
31026113
30222163
30825452
32065381
32350343
33020417
31535844
33156110
29873765
32434163
27677912
30649653
31289997
30229741
29553913
25427247
32297041
30754648
27466049
29929585
29207485
31743346
32964727
31920492
31864334
28459285
29673871
33136877
31348255
32706577
29685857
25974772
32000497
29631621
31419264
32787911
28138795
28420217
30960850
30803541
30497901
31248397
28727917
31713891
33103879
30402211
29557639
29280219
27310429
32815369
30424259
28465185
31652555
30504786
30069524
31171229
30278163
30358386
32479970
30680465
33114227
33171778
27088326
26115472
31878262
32408617
15944878
29349821
32610676
31284532
31885687
31245538
29167326
28075054
32459059
32980099
31005152
27025537
30075686
27917393
29305642
27109063
33167256
26799402
31883147
30399881
26936578
31089863
28842711
29801748
30384944
32953424
28063755
31885101
25933810
27876267
32635187
33248662
28726927
32033916
33123845
29380891
30713816
32817232
27505777
29307634
30730524
29607203
29470090
29133713
26655461
27053988
30867443
32417414
30337756
32540773
33146603
30272651
16580027
31012745
32344928
29227110
32244506
33307286
32159331
32108520
33133956
27658975
29570440
28841186
26688946
32772297
23225152
27250502
31199322
33309787
27119377
28663663
29358527
25835664
30997972
27033300
31973720
25981207
26833897
32814225
31906393
27587032
28391857
31910949
32706802
32805972
24911345
32423161
28342877
28185142
32026130
32376594
33230665
30121411
26163841
28181617
26964330
30020763
21577484
28898053
26140413
30025245
32829102
31676807
32717841
33114085
32207113
32325825
27350857
31207569
29095459
32875646
31218344
32362108
31555789
31825905
30952897
30444553
30202543
31230073
30290048
31323607
24956160
29239049
31278940
32244847
31561246
30526727
20356024
31054129
32426854
21577480
25575962
32782989
32514795
32035796
31888695
31646676
22121611
31458121
25679174
28795521
29597265
28594387
25607820
28203052
29713642
32894167
28825385
28244230
28812982
32857517
32456949
30866744
32472299
23975188
33298863
31799166
29027906
32906004
29543426
30306836
30731363
28837043
27027628
32114554
31290964
31411488
32800939
29883617
30129315
27983804
26028997
28899557
32443531
31778655
29047500
33131339
30202156
27537503
27587211
32561811
30424435
27418393
32155002
30774128
29287640
31859738
27982464
26368688
31618489
29729097
31079619
28287927
28306245
14507157
29635555
32419045
29275570
25652497
27577061
32203944
27806767
33106722
31562066
33054345
31300676
28869160
31684530
32744524
27301270
30077023
27877745
32204321
32541054
21360707
29271289
31991593
31410094
28269245
31353756
27437776
32817238
28962795
29550442
11107479
31306713
29720738
26976500
32514512
29285786
24736691
32702687
25393277
29170730
28203665
30479935
31835682
29887921
28067852
32771047
26907556
28239554
32415217
31453687
31463487
32279075
29098643
32218984
31828347
31410678
27706094
20811121
31256581
32746255
29943226
28436403
29937207
30456741
32354136
29364382
30735349
24958045
33138355
25683526
32870644
31309144
29556106
26979816
31971029
28362934
26027767
30116957
32537523
30974646
29845815
30048746
28552800
32701212
28722489
29803084
30344375
29025465
27242064
30660123
27958464
32730802
32091190
20740484
27062915
29102154
29049280
33135943
28167015
29030223
31947596
28406937
32401568
30051123
29857953
30910392
31218145
32776011
32142932
30078742
26339325
26627046
26406021
31569455
30382326
30594873
32627658
25917532
31945752
32577511
32017450
32743606
28649209
31536008
30877337
25830693
31469105
33281505
29797396
28345294
30961159
32433138
28338309
28139889
24811036
27658639
32543396
30399865
28837234
28806052
30886163
30933465
30337143
31180272
27984679
32323473
27114184
26491918
29945018
31861716
19366197
25938331
30273403
32252337
30389341
27654019
31249187
22323275
29137676
32786979
26363190
30736300
31636518
32784976
29634127
32950668
30934906
32377979
31832317
32226682
32132534
27727173
28856438
29774071
29261096
31752165
26333066
28083828
32672219
32507201
32832953
31256657
32961295
30177283
7505904
20890359
29264148
30974195
30424407
27448991
28362403
32263721
29899352
30247323
22248452
31432300
31156020
29782615
30371715
27536484
28008427
29141120
33217747
32584725
27840039
27079366
32470967
33296831
32938987
29159920
28144830
30200934
28793537
26965201
28685477
32796863
29333350
30300914
26524086
30693259
30246888
31834782
32475758
25321734
26144221
27198560
28614694
29779276
32770436
29877808
31985623
31920843
31920376
26032438
33261451
24633069
29034057
27067414
30845650
28395417
28971674
33234980
32312395
30813805
26744624
